stage170(
{
CreatorID="2815367192",

ExtentsSize={20.12,57.52,74.00}
}
traj1(
1.24,3.78,-7.37,-0,1.22,0,-11.7,28.65,61.53,-0.6,-0.49,0,0,0,0,0.01,0;1.32,4.24,-7.59,-0,1.17,0,-11.71,28.67,61.55,-0.6,-0.49,0,0,0,0,0.03,0;1.4,4.81,-7.78,-0,1.13,0,-11.72,28.69,61.57,-0.6,-0.49,0,0,0,0,0.04,0;1.47,5.39,-7.95,-0,1.12,0,-11.73,28.7,61.59,-0.6,-0.49,0,0,0,0,0.06,0;1.57,6.04,-8.15,-0,1.11,0,-11.73,28.7,61.6,-0.6,-0.49,0,0,0,0,0.07,0;1.62,6.38,-8.26,-0,1.11,0,-11.74,28.71,61.6,-0.6,-0.49,0,0,0,0,0.08,0;1.69,6.88,-8.44,-0,1.12,0,-11.74,28.71,61.61,-0.6,-0.49,0,0,0,0,0.09,0;1.76,7.32,-8.6,-0,1.13,0,-11.74,28.72,61.61,-0.6,-0.49,0,0,0,0,0.1,0;1.84,7.81,-8.78,-0,1.14,0,-11.74,28.72,61.61,-0.6,-0.49,0,0,0,0,0.12,0;1.92,8.29,-8.98,-0,1.16,0,-11.74,28.72,61.62,-0.6,-0.49,0,0,0,0,0.13,0;2.05,8.97,-9.29,-0,1.2,0,-11.74,28.72,61.62,-0.6,-0.49,0,0,0,0,0.15,0;2.11,9.33,-9.48,-0,1.23,0,-11.75,28.72,61.62,-0.6,-0.49,0,0,0,0,0.16,0;2.17,9.65,-9.66,-0,1.25,0,-11.75,28.72,61.62,-0.6,-0.49,0,0,0,0,0.17,0;2.26,10.02,-9.9,-0,1.25,0,-11.75,28.72,61.62,-0.6,-0.49,0,0,0,0,0.19,0;2.32,10.33,-10.12,-0,1.25,0,-11.75,28.72,61.62,-0.6,-0.49,0,0,0,0,0.2,0;2.4,10.68,-10.43,-0,1.29,0,-11.75,28.72,61.62,-0.6,-0.49,0,0,0,0,0.22,0;2.44,10.86,-10.63,-0,1.33,0,-11.75,28.72,61.62,-0.6,-0.49,0,0,0,0,0.23,0;2.52,11.09,-10.94,-0,1.34,0,-11.75,28.72,61.62,-0.6,-0.49,0,0,0,0,0.25,0;2.59,11.24,-11.27,-0,1.35,0,-11.75,28.72,61.62,-0.6,-0.49,0,0,0,0,0.27,0;2.63,11.29,-11.48,-0,1.38,0,-11.75,28.72,61.62,-0.6,-0.49,0,0,0,0,0.28,0;2.66,11.32,-11.66,-0,1.44,0,-11.75,28.72,61.62,-0.6,-0.49,0,0,0,0,0.3,0;2.69,11.26,-12.03,-0,1.45,0,-11.75,28.72,61.62,-0.6,-0.49,0,0,0,0,0.33,0;2.69,11.22,-12.17,-0,1.5,0,-11.75,28.72,61.62,-0.6,-0.49,0,0,0,0,0.33,0;2.7,11.15,-12.34,-0,1.58,0,-11.75,28.72,61.62,-0.6,-0.49,0,0,0,0,0.34,0;2.69,11.04,-12.53,-0,1.61,0,-11.75,28.72,61.62,-0.6,-0.49,0,0,0,0,0.35,0;2.68,10.91,-12.7,-0,1.65,0,-11.75,28.72,61.62,-0.6,-0.49,0,0,0,0,0.37,0;2.67,10.77,-12.86,-0,1.69,0,-11.75,28.72,61.62,-0.6,-0.49,0,0,0,0,0.38,0;2.62,10.48,-13.14,-0,1.71,0,-11.75,28.72,61.62,-0.6,-0.49,0,0,0,0,0.4,0;2.59,10.28,-13.31,-0,1.75,0,-11.75,28.72,61.62,-0.6,-0.49,0,0,0,0,0.4,0;2.57,10.16,-13.4,-0,1.79,0,-11.75,28.72,61.62,-0.6,-0.49,0,0,0,0,0.41,0;2.55,10.05,-13.48,-0,1.83,0,-11.75,28.72,61.62,-0.6,-0.49,0,0,0,0,0.42,0;2.51,9.9,-13.58,-0,1.88,0,-11.75,28.72,61.62,-0.6,-0.49,0,0,0,0,0.42,0;2.47,9.69,-13.7,-0,1.93,0,-11.75,28.72,61.62,-0.6,-0.49,0,0,0,0,0.43,0;2.42,9.51,-13.81,-0,1.98,0,-11.75,28.72,61.62,-0.6,-0.49,0,0,0,0,0.44,0;2.38,9.33,-13.9,-0,2.01,0,-11.75,28.72,61.62,-0.6,-0.49,0,0,0,0,0.44,0;2.32,9.1,-14.02,-0,2.06,0,-11.75,28.72,61.62,-0.6,-0.49,0,0,0,0,0.45,0;2.25,8.84,-14.15,0,2.11,-0,-11.75,28.72,61.62,-0.6,-0.49,0,0,0,0,0.46,0;2.21,8.68,-14.21,0,2.14,-0,-11.75,28.72,61.62,-0.6,-0.49,0,0,0,0,0.47,0;2.15,8.43,-14.31,0.01,2.19,-0.01,-11.75,28.72,61.62,-0.6,-0.49,0,0,0,0,0.47,0;2.09,8.19,-14.41,0.01,2.23,-0.01,-11.75,28.72,61.62,-0.6,-0.49,0,0,0,0,0.48,0;1.97,7.68,-14.58,0.01,2.28,-0.01,-11.75,28.72,61.62,-0.6,-0.49,0,0,0,0,0.49,0;1.89,7.33,-14.69,0.01,2.3,-0.01,-11.75,28.72,61.62,-0.6,-0.49,0,0,0,0,0.5,0;1.8,7,-14.78,0.01,2.3,-0.01,-11.75,28.72,61.62,-0.6,-0.49,0,0,0,0,0.51,0;1.72,6.66,-14.86,0.01,2.3,-0,-11.75,28.72,61.62,-0.6,-0.49,0,0,0,0,0.51,0;1.61,6.11,-15.01,0.02,2.26,-0.01,-11.75,28.72,61.62,-0.6,-0.49,0,0,0,0,0.53,0;1.57,5.88,-15.07,0.01,2.23,-0.01,-11.75,28.72,61.62,-0.6,-0.49,0,0,0,0,0.53,0;1.57,5.81,-15.14,0.01,2.16,-0.01,-11.75,28.72,61.62,-0.6,-0.49,0,0,0,0,0.54,0;1.6,5.8,-15.28,0.01,2,-0,-11.75,28.72,61.62,-0.6,-0.49,0,0,0,0,0.55,0;1.62,5.79,-15.38,0.01,1.89,-0,-11.75,28.72,61.62,-0.6,-0.49,0,0,0,0,0.56,0;1.62,5.9,-15.49,0.01,1.7,0,-11.75,28.72,61.62,-0.6,-0.49,0,0,0,0,0.56,0;1.6,6.01,-15.54,0.01,1.56,-0,-11.75,28.72,61.62,-0.6,-0.49,0,0,0,0,0.57,0;1.58,6.18,-15.62,0.01,1.36,-0,-11.75,28.72,61.62,-0.6,-0.49,0,0,0,0,0.58,0;1.54,6.45,-15.67,0.01,1.26,-0,-11.75,28.72,61.62,-0.6,-0.49,0,0,0,0,0.58,0;1.47,6.88,-15.72,0.01,1.15,0,-11.75,28.72,61.62,-0.6,-0.49,0,0,0,0,0.59,0;1.42,7.22,-15.77,0.01,1.07,0,-11.75,28.72,61.62,-0.6,-0.49,0,0,0,0,0.6,0;1.36,7.58,-15.81,0.01,0.97,0,-11.75,28.72,61.62,-0.6,-0.49,0,0,0,0,0.6,0;1.32,7.85,-15.84,0.01,0.89,0,-11.75,28.72,61.62,-0.6,-0.49,0,0,0,0,0.61,0;1.26,8.2,-15.88,0.01,0.79,0,-11.75,28.72,61.62,-0.6,-0.49,0,0,0,0,0.62,0;1.17,8.7,-15.96,0,0.69,0,-11.75,28.72,61.62,-0.6,-0.49,0,0,0,0,0.62,0;1.09,9.14,-16.04,0,0.62,0.01,-11.75,28.72,61.62,-0.6,-0.49,0,0,0,0,0.63,0;1,9.59,-16.14,0,0.56,0.01,-11.75,28.72,61.62,-0.6,-0.49,0,0,0,0,0.65,0;0.95,9.82,-16.2,0,0.53,0.01,-11.75,28.72,61.62,-0.6,-0.49,0,0,0,0,0.65,0;0.9,10.05,-16.25,0,0.49,0.01,-11.75,28.72,61.62,-0.6,-0.49,0,0,0,0,0.66,0;0.84,10.37,-16.35,-0,0.44,0.01,-11.75,28.72,61.62,-0.6,-0.49,0,0,0,0,0.67,0;0.8,10.64,-16.44,-0,0.4,0,-11.75,28.72,61.62,-0.6,-0.49,0,0,0,0,0.67,0;0.73,11.04,-16.58,-0.01,0.35,0,-11.75,28.72,61.62,-0.6,-0.49,0,0,0,0,0.68,0;0.66,11.49,-16.74,-0,0.33,-0.01,-11.75,28.72,61.62,-0.6,-0.49,0,0,0,0,0.69,0;0.59,12,-16.96,-0,0.28,-0.01,-11.75,28.72,61.62,-0.6,-0.49,0,0,0,0,0.7,0;0.52,12.47,-17.19,-0,0.23,-0.01,-11.75,28.72,61.62,-0.6,-0.49,0,0,0,0,0.72,0;0.49,12.73,-17.32,0,0.2,-0,-11.75,28.72,61.62,-0.6,-0.49,0,0,0,0,0.72,0;0.45,13.08,-17.51,0.01,0.15,-0,-11.75,28.72,61.62,-0.6,-0.49,0,0,0,0,0.74,0;0.43,13.39,-17.69,0,0.11,0.01,-11.75,28.72,61.62,-0.6,-0.49,0,0,0,0,0.75,0;0.4,13.74,-17.92,0,0.08,0.01,-11.75,28.72,61.62,-0.6,-0.49,0,0,0,0,0.76,0;0.38,14.06,-18.16,-0,0.06,0.01,-11.75,28.72,61.62,-0.6,-0.49,0,0,0,0,0.78,0;0.36,14.42,-18.5,-0.01,0.05,-0,-11.75,28.72,61.62,-0.6,-0.49,0,0,0,0,0.8,0;0.35,14.68,-18.8,-0,0.05,-0.01,-11.75,28.72,61.62,-0.6,-0.49,0,0,0,0,0.82,0;0.33,14.9,-19.11,-0,0.05,-0.01,-11.75,28.72,61.62,-0.6,-0.49,0,0,0,0,0.84,0;0.32,15.13,-19.41,-0,0.06,-0.01,-11.75,28.72,61.62,-0.6,-0.49,0,0,0,0,0.86,0;0.31,15.29,-19.57,-0,0.13,-0.01,-11.75,28.72,61.62,-0.6,-0.49,0,0,0,0,0.87,0;0.31,15.35,-19.61,0,0.17,-0,-11.75,28.72,61.62,-0.6,-0.49,0,0,0,0,0.88,0;0.31,15.42,-19.66,0.01,0.23,-0,-11.75,28.72,61.62,-0.6,-0.49,0,0,0,0,0.89,0;0.31,15.52,-19.68,0.01,0.33,-0,-11.75,28.72,61.62,-0.6,-0.49,0,0,0,0,0.9,0;0.31,15.62,-19.69,0,0.44,0,-11.75,28.72,61.62,-0.6,-0.49,0,0,0,0,0.9,0;0.31,15.71,-19.71,0,0.53,0.01,-11.75,28.72,61.62,-0.6,-0.49,0,0,0,0,0.91,0;0.31,15.92,-19.79,0,0.74,0.01,-11.75,28.72,61.62,-0.6,-0.49,0,0,0,0,0.92,0;0.31,16.15,-19.88,0,0.97,0.01,-11.75,28.72,61.62,-0.6,-0.49,0,0,0,0,0.92,0;0.3,16.33,-19.96,0,1.17,0.01,-11.75,28.72,61.62,-0.6,-0.49,0,0,0,0,0.93,0;0.26,16.44,-20.04,0,1.32,0.01,-11.75,28.72,61.62,-0.6,-0.49,0,0,0,0,0.94,0;0.23,16.53,-20.12,0,1.45,0.01,-11.8,28.8,61.72,-0.6,-0.49,0,0,0,0,0.94,0;0.18,16.63,-20.21,-0,1.63,0.01,-12.04,29.15,62.18,-0.6,-0.49,0,0,0,0,0.95,0;0.11,16.71,-20.3,-0,1.81,0.01,-12.27,29.47,62.6,-0.6,-0.49,0,0,0,0,0.96,0;0.05,16.78,-20.39,-0.01,1.98,0.01,-12.56,29.9,63.15,-0.6,-0.49,0,0,0,0,0.96,0;-0.01,16.93,-20.49,-0.01,2.1,0,-12.9,30.39,63.79,-0.6,-0.49,0,0,0,0,0.97,0;-0.09,17.19,-20.61,-0,2.19,-0,-13.38,31.08,64.68,-0.6,-0.49,0,0,0,0,0.98,0;-0.15,17.44,-20.73,-0,2.27,-0.01,-14.08,32.09,65.99,-0.6,-0.49,0,0,0,0,0.99,0;-0.23,17.8,-20.84,0,2.3,-0.01,-14.73,33.03,67.22,-0.6,-0.49,0,0,0,0,0.99,0;-0.36,18.44,-21.01,0,2.29,-0.01,-15.93,34.76,69.47,-0.6,-0.49,0,0,0,0,1.01,0;-0.51,19.11,-21.18,0,2.27,-0.01,-17.03,36.34,71.53,-0.6,-0.49,0,0,0,0,1.02,0;-0.67,19.75,-21.36,0,2.25,-0.01,-18.17,37.98,73.66,-0.6,-0.49,0,0,0,0,1.03,0;-0.83,20.36,-21.54,0,2.24,-0.01,-18.96,39.13,75.15,-0.6,-0.49,0,0,0,0,1.05,0;-0.97,20.85,-21.71,0,2.24,-0.01,-19.65,40.09,76.09,-0.6,-0.49,0,0,0,0,1.06,0;-1.1,21.31,-21.87,0,2.25,-0.01,-20.34,41.39,76.34,-0.61,-0.5,0,0,0,0,1.08,0;-1.22,21.69,-22.01,0,2.27,-0.01,-20.78,42.21,76.8,-0.62,-0.51,0,0,0,0,1.09,0;-1.38,22.13,-22.19,-0,2.25,-0.01,-21.3,43.3,76.71,-0.63,-0.52,0,0,0,0,1.1,0;-1.5,22.45,-22.34,-0,2.24,-0.01,-21.55,44.23,76.48,-0.64,-0.52,0,0,0,0,1.12,0;-1.69,22.87,-22.55,0,2.26,-0,-22.07,44.96,76.38,-0.65,-0.53,0,0,0,0,1.14,0;-1.85,23.2,-22.75,0,2.27,-0,-22.11,45.61,76.13,-0.66,-0.53,0,0,0,0,1.15,0;-2.03,23.5,-22.96,0,2.26,-0,-22.13,45.84,76.16,-0.66,-0.53,0,0,0,0,1.17,0;-2.23,23.78,-23.2,0,2.24,-0,-22.33,46.33,75.85,-0.67,-0.54,0,0,0,0,1.19,0;-2.43,23.97,-23.44,0.01,2.25,-0,-22.75,46.53,75.58,-0.67,-0.55,0,0,0,0,1.21,0;-2.7,24.12,-23.75,0.01,2.28,-0,-24.34,46.2,75,-0.66,-0.58,0,0,0,0,1.24,0;-2.88,24.15,-23.94,0.01,2.33,-0,-24.88,45.96,74.91,-0.66,-0.59,0,0,0,0,1.26,0;-3.02,24.13,-24.08,0.01,2.38,-0.01,-25.22,45.83,74.81,-0.65,-0.6,0,0,0,0,1.26,0;-3.13,24.09,-24.18,0.01,2.41,-0.01,-25.75,45.58,74.69,-0.65,-0.61,0,0,0,0,1.27,0;-3.4,23.95,-24.4,0.01,2.44,-0.01,-26.59,44.94,74.71,-0.64,-0.62,0,0,0,0,1.29,0;-3.67,23.71,-24.62,0.01,2.43,-0.01,-27.12,44.68,74.58,-0.63,-0.63,0,0,0,0,1.31,0;-3.84,23.53,-24.74,0,2.46,-0.01,-27.12,44.68,74.58,-0.63,-0.63,0,0,0,0,1.33,0;-4.04,23.28,-24.89,0,2.48,-0.01,-27.4,44.03,74.97,-0.62,-0.63,0,0,0,0,1.35,0;-4.22,23,-25.01,0,2.49,-0.01,-27.4,44.03,74.97,-0.62,-0.63,0,0,0,0,1.35,0;-4.42,22.65,-25.15,-0,2.51,-0.01,-27.4,44.03,74.97,-0.62,-0.63,0,0,0,0,1.37,0;-4.58,22.34,-25.26,-0,2.52,-0.01,-27.9,43.5,75.07,-0.61,-0.63,0,0,0,0,1.38,0;-4.77,21.97,-25.37,-0,2.52,-0.01,-27.9,43.5,75.07,-0.61,-0.63,0,0,0,0,1.39,0;-4.94,21.57,-25.48,-0,2.52,-0.01,-27.95,43.37,75.14,-0.61,-0.63,0,0,0,0,1.41,0;-5.09,21.21,-25.57,-0,2.52,-0,-28.12,42.97,75.37,-0.6,-0.63,0,0,0,0,1.42,0;-5.25,20.8,-25.67,-0,2.52,-0,-28.34,42.43,75.66,-0.59,-0.63,0,0,0,0,1.44,0;-5.4,20.39,-25.77,-0,2.54,0,-28.44,42.16,75.81,-0.59,-0.63,0,0,0,0,1.44,0;-5.53,20.03,-25.85,-0,2.55,0,-28.44,42.16,75.81,-0.59,-0.63,0,0,0,0,1.45,0;-5.65,19.65,-25.92,-0,2.53,0,-28.5,42.02,75.88,-0.58,-0.63,0,0,0,0,1.46,0;-5.78,19.22,-26,-0,2.5,0,-28.65,41.62,76.09,-0.58,-0.63,0,0,0,0,1.48,0;-5.89,18.85,-26.09,-0,2.43,0,-28.65,41.62,76.09,-0.58,-0.63,0,0,0,0,1.49,0;-5.99,18.44,-26.18,-0,2.34,0,-28.65,41.62,76.09,-0.58,-0.63,0,0,0,0,1.49,0;-6.1,18.07,-26.27,-0,2.26,0,-28.65,41.62,76.09,-0.58,-0.63,0,0,0,0,1.5,0;-6.16,17.93,-26.35,-0,2.17,0,-28.65,41.62,76.09,-0.58,-0.63,0,0,0,0,1.51,0;-6.22,17.79,-26.43,-0,2.08,0,-28.65,41.62,76.09,-0.58,-0.63,0,0,0,0,1.51,0;-6.28,17.79,-26.54,-0,1.96,-0,-28.65,41.62,76.09,-0.58,-0.63,0,0,0,0,1.52,0;-6.37,18.01,-26.77,-0,1.7,-0.01,-28.65,41.62,76.09,-0.58,-0.63,0,0,0,0,1.53,0;-6.39,18.22,-26.84,-0.01,1.63,-0.01,-28.65,41.62,76.09,-0.58,-0.63,0,0,0,0,1.53,0;-6.4,18.43,-26.9,-0.01,1.57,-0,-28.65,41.62,76.09,-0.58,-0.63,0,0,0,0,1.54,0;-6.42,18.66,-26.97,-0.01,1.5,-0,-28.65,41.62,76.09,-0.58,-0.63,0,0,0,0,1.55,0;-6.43,19.1,-27.11,-0.01,1.46,-0,-28.65,41.62,76.09,-0.58,-0.63,0,0,0,0,1.56,0;-6.43,19.48,-27.24,-0.01,1.42,-0,-28.65,41.62,76.09,-0.58,-0.63,0,0,0,0,1.56,0;-6.44,19.87,-27.37,-0,1.39,-0,-28.65,41.62,76.09,-0.58,-0.63,0,0,0,0,1.57,0;-6.42,20.39,-27.56,-0.01,1.37,-0,-28.65,41.62,76.09,-0.58,-0.63,0,0,0,0,1.58,0;-6.39,20.98,-27.79,-0.01,1.37,-0,-28.65,41.62,76.09,-0.58,-0.63,0,0,0,0,1.6,0;-6.37,21.47,-27.98,-0,1.38,-0,-28.65,41.62,76.09,-0.58,-0.63,0,0,0,0,1.61,0;-6.34,22,-28.22,-0,1.4,-0,-28.65,41.62,76.09,-0.58,-0.63,0,0,0,0,1.63,0;-6.32,22.38,-28.4,-0,1.41,-0,-28.65,41.62,76.09,-0.58,-0.63,0,0,0,0,1.64,0;-6.29,22.86,-28.64,-0,1.44,0,-28.65,41.62,76.09,-0.58,-0.63,0,0,0,0,1.66,0;-6.27,23.18,-28.82,-0,1.44,0,-28.65,41.62,76.09,-0.58,-0.63,0,0,0,0,1.67,0;-6.25,23.53,-29.04,-0,1.46,0,-28.65,41.62,76.09,-0.58,-0.63,0,0,0,0,1.68,0;-6.23,23.97,-29.35,-0,1.48,0.01,-28.65,41.62,76.09,-0.58,-0.63,0,0,0,0,1.7,0;-6.22,24.24,-29.58,-0,1.5,0,-28.65,41.62,76.09,-0.58,-0.63,0,0,0,0,1.72,0;-6.21,24.5,-29.83,0.01,1.52,0,-28.65,41.62,76.09,-0.58,-0.63,0,0,0,0,1.73,0;-6.2,24.73,-30.09,0.01,1.53,0,-28.65,41.62,76.09,-0.58,-0.63,0,0,0,0,1.75,0;-6.2,24.93,-30.44,0.01,1.55,0,-28.65,41.62,76.09,-0.58,-0.63,0,0,0,0,1.77,0;-6.2,25.03,-30.79,0.01,1.56,0,-28.65,41.62,76.09,-0.58,-0.63,0,0,0,0,1.79,0;-6.21,25.05,-31.16,0.01,1.58,0,-28.65,41.62,76.09,-0.58,-0.63,0,0,0,0,1.8,0;-6.22,25.03,-31.36,0.01,1.62,-0.01,-28.65,41.62,76.09,-0.58,-0.63,0,0,0,0,1.82,0;-6.27,24.82,-31.83,0,1.64,-0,-28.65,41.62,76.09,-0.58,-0.63,0,0,0,0,1.85,0;-6.31,24.53,-32.21,-0,1.66,-0,-28.65,41.62,76.09,-0.58,-0.63,0,0,0,0,1.88,0;-6.35,24.17,-32.56,-0.01,1.63,-0.01,-28.65,41.62,76.09,-0.58,-0.63,0,0,0,0,1.9,0;-6.38,23.84,-32.82,-0.01,1.63,-0.01,-28.65,41.62,76.09,-0.58,-0.63,0,0,0,0,1.91,0;-6.43,23.39,-33.11,-0.01,1.69,-0.01,-28.65,41.62,76.09,-0.58,-0.63,0,0,0,0,1.93,0;-6.45,23.11,-33.28,-0.01,1.72,-0.01,-28.65,41.62,76.09,-0.58,-0.63,0,0,0,0,1.94,0;-6.48,22.8,-33.46,-0.01,1.73,-0.01,-28.65,41.62,76.09,-0.58,-0.63,0,0,0,0,1.96,0;-6.52,22.32,-33.69,-0.01,1.76,0,-28.65,41.62,76.09,-0.58,-0.63,0,0,0,0,1.97,0;-6.57,21.83,-33.91,-0.01,1.79,0,-28.65,41.62,76.09,-0.58,-0.63,0,0,0,0,1.99,0;-6.63,21.33,-34.13,-0.01,1.82,0,-28.65,41.62,76.09,-0.58,-0.63,0,0,0,0,2,0;-6.68,20.85,-34.31,-0.01,1.83,0,-28.65,41.62,76.09,-0.58,-0.63,0,0,0,0,2.01,0;-6.76,20.06,-34.6,-0.01,1.81,0,-28.65,41.62,76.09,-0.58,-0.63,0,0,0,0,2.03,0;-6.8,19.7,-34.72,-0.01,1.79,0,-28.65,41.62,76.09,-0.58,-0.63,0,0,0,0,2.03,0;-6.83,19.35,-34.83,-0.01,1.78,0,-28.65,41.62,76.09,-0.58,-0.63,0,0,0,0,2.04,0;-6.86,18.96,-34.96,-0.01,1.76,0,-28.65,41.62,76.09,-0.58,-0.63,0,0,0,0,2.05,0;-6.9,18.4,-35.14,-0.01,1.74,0.01,-28.65,41.62,76.09,-0.58,-0.63,0,0,0,0,2.06,0;-6.93,18,-35.34,-0,1.7,0,-28.65,41.62,76.09,-0.58,-0.63,0,0,0,0,2.08,0;-6.96,17.76,-35.55,0.01,1.66,-0.01,-28.65,41.62,76.09,-0.58,-0.63,0,0,0,0,2.09,0;-6.99,18.21,-35.92,0.01,1.61,-0.01,-28.65,41.62,76.09,-0.58,-0.63,0,0,0,0,2.12,0;-7,18.56,-36.03,0.01,1.58,-0.01,-28.65,41.62,76.09,-0.58,-0.63,0,0,0,0,2.13,0;-7,18.9,-36.14,0,1.55,-0.01,-28.65,41.62,76.09,-0.58,-0.63,0,0,0,0,2.13,0;-7,19.51,-36.35,-0,1.52,-0,-28.65,41.62,76.09,-0.58,-0.63,0,0,0,0,2.15,0;-7,20.11,-36.56,-0,1.51,-0,-28.65,41.62,76.09,-0.58,-0.63,0,0,0,0,2.15,0;-7,20.67,-36.76,-0,1.51,0.01,-28.65,41.62,76.09,-0.58,-0.63,0,0,0,0,2.16,0;-7,21.14,-36.95,-0,1.51,0.01,-28.65,41.62,76.09,-0.58,-0.63,0,0,0,0,2.17,0;-7,21.57,-37.13,-0,1.52,0.01,-28.65,41.62,76.09,-0.58,-0.63,0,0,0,0,2.19,0;-7,21.97,-37.3,-0,1.52,0.01,-28.65,41.62,76.09,-0.58,-0.63,0,0,0,0,2.2,0;-6.98,22.38,-37.5,-0,1.48,0.01,-28.65,41.62,76.09,-0.58,-0.63,0,0,0,0,2.21,0;-6.97,22.78,-37.7,-0,1.45,0.01,-28.65,41.62,76.09,-0.58,-0.63,0,0,0,0,2.23,0;-6.94,23.2,-37.93,0,1.42,0.01,-28.65,41.62,76.09,-0.58,-0.63,0,0,0,0,2.24,0;-6.92,23.62,-38.19,0,1.42,0,-28.65,41.62,76.09,-0.58,-0.63,0,0,0,0,2.26,0;-6.87,24.05,-38.5,0.01,1.42,0,-28.65,41.62,76.09,-0.58,-0.63,0,0,0,0,2.28,0;-6.84,24.41,-38.81,0,1.42,0,-28.65,41.62,76.09,-0.58,-0.63,0,0,0,0,2.3,0;-6.8,24.68,-39.1,0,1.42,-0.01,-28.65,41.62,76.09,-0.58,-0.63,0,0,0,0,2.31,0;-6.76,24.88,-39.41,0,1.41,-0.01,-28.65,41.62,76.09,-0.58,-0.63,0,0,0,0,2.33,0;-6.72,25.03,-39.74,0,1.39,-0.01,-28.65,41.62,76.09,-0.58,-0.63,0,0,0,0,2.35,0;-6.69,25.08,-39.91,-0,1.36,-0.01,-28.65,41.62,76.09,-0.58,-0.63,0,0,0,0,2.37,0;-6.63,25.08,-40.3,-0,1.34,-0.01,-28.65,41.62,76.09,-0.58,-0.63,0,0,0,0,2.39,0;-6.58,25.04,-40.53,-0.01,1.3,-0,-28.65,41.62,76.09,-0.58,-0.63,0,0,0,0,2.41,0;-6.54,24.97,-40.71,-0.01,1.26,-0,-28.65,41.62,76.09,-0.58,-0.63,0,0,0,0,2.42,0;-6.5,24.9,-40.83,-0.01,1.23,-0,-28.65,41.62,76.09,-0.58,-0.63,0,0,0,0,2.42,0;-6.44,24.79,-41.01,-0.01,1.17,-0,-28.65,41.62,76.09,-0.58,-0.63,0,0,0,0,2.44,0;-6.41,24.73,-41.08,-0.01,1.13,-0,-28.65,41.62,76.09,-0.58,-0.63,0,0,0,0,2.44,0;-6.37,24.65,-41.17,-0.01,1.09,-0,-28.65,41.62,76.09,-0.58,-0.63,0,0,0,0,2.45,0;-6.32,24.56,-41.28,-0,1.04,-0,-28.65,41.62,76.09,-0.58,-0.63,0,0,0,0,2.46,0;-6.28,24.47,-41.35,-0,0.99,0,-28.65,41.62,76.09,-0.58,-0.63,0,0,0,0,2.47,0;-6.21,24.34,-41.46,0,0.92,0,-28.65,41.62,76.09,-0.58,-0.63,0,0,0,0,2.47,0;-6.16,24.23,-41.55,0,0.86,0.01,-28.65,41.62,76.09,-0.58,-0.63,0,0,0,0,2.48,0;-6.03,23.95,-41.72,0,0.73,0.01,-28.65,41.62,76.09,-0.58,-0.63,0,0,0,0,2.49,0;-5.96,23.76,-41.81,0,0.67,0.01,-28.65,41.62,76.09,-0.58,-0.63,0,0,0,0,2.49,0;-5.91,23.61,-41.88,0,0.63,0.01,-28.65,41.62,76.09,-0.58,-0.63,0,0,0,0,2.5,0;-5.86,23.44,-41.95,0,0.58,0.01,-28.65,41.62,76.09,-0.58,-0.63,0,0,0,0,2.51,0;-5.81,23.25,-42.01,0,0.48,0.01,-28.65,41.62,76.09,-0.58,-0.63,0,0,0,0,2.51,0;-5.77,23.11,-42.06,0,0.4,0.01,-28.65,41.62,76.09,-0.58,-0.63,0,0,0,0,2.52,0;-5.73,22.94,-42.11,0,0.29,0.01,-28.65,41.62,76.09,-0.58,-0.63,0,0,0,0,2.53,0;-5.7,22.75,-42.15,0,0.24,0.01,-28.65,41.62,76.09,-0.58,-0.63,0,0,0,0,2.53,0;-5.66,22.52,-42.2,0,0.18,0.01,-28.65,41.62,76.09,-0.58,-0.63,0,0,0,0,2.54,0;-5.63,22.28,-42.24,0,0.12,0.01,-28.65,41.62,76.09,-0.58,-0.63,0,0,0,0,2.55,0;-5.59,21.87,-42.28,0,0.05,0.01,-28.65,41.62,76.09,-0.58,-0.63,0,0,0,0,2.55,0;-5.58,21.6,-42.3,0.01,-0,0.01,-28.65,41.62,76.09,-0.58,-0.63,0,0,0,0,2.56,0;-5.57,21.38,-42.32,0.01,-0.04,0,-28.65,41.62,76.09,-0.58,-0.63,0,0,0,0,2.57,0;-5.56,21.15,-42.33,0.01,-0.08,0,-28.65,41.62,76.09,-0.58,-0.63,0,0,0,0,2.58,0;-5.56,20.9,-42.33,0.01,-0.13,0,-28.65,41.62,76.09,-0.58,-0.63,0,0,0,0,2.58,0;-5.55,20.69,-42.34,0.01,-0.17,0,-28.65,41.62,76.09,-0.58,-0.63,0,0,0,0,2.59,0;-5.55,20.42,-42.34,0.01,-0.22,-0,-28.65,41.62,76.09,-0.58,-0.63,0,0,0,0,2.6,0;-5.55,19.78,-42.34,-0,-0.27,-0,-28.65,41.62,76.09,-0.58,-0.63,0,0,0,0,2.61,0;-5.55,19.16,-42.34,-0.01,-0.31,-0,-28.65,41.62,76.09,-0.58,-0.63,0,0,0,0,2.62,0;-5.55,18.64,-42.34,-0.01,-0.34,-0,-28.65,41.62,76.09,-0.58,-0.63,0,0,0,0,2.64,0;-5.55,18.06,-42.34,-0.01,-0.37,-0,-28.65,41.62,76.09,-0.58,-0.63,0,0,0,0,2.65,0;-5.55,17.86,-42.34,-0.01,-0.41,-0,-28.65,41.62,76.09,-0.58,-0.63,0,0,0,0,2.68,0;-5.55,18.35,-42.34,-0.01,-0.42,-0,-28.65,41.62,76.09,-0.58,-0.63,0,0,0,0,2.7,0;-5.55,18.89,-42.34,-0.01,-0.44,-0,-28.65,41.62,76.09,-0.58,-0.63,0,0,0,0,2.7,0;-5.55,19.52,-42.34,-0,-0.46,0,-28.65,41.62,76.09,-0.58,-0.63,0,0,0,0,2.71,0;-5.55,19.93,-42.34,-0,-0.49,0,-28.65,41.62,76.09,-0.58,-0.63,0,0,0,0,2.72,0;-5.55,20.36,-42.35,0,-0.51,0,-28.65,41.62,76.09,-0.58,-0.63,0,0,0,0,2.74,0;-5.53,20.97,-42.38,0,-0.53,0.01,-28.65,41.62,76.09,-0.58,-0.63,0,0,0,0,2.75,0;-5.51,21.44,-42.42,0,-0.53,0.01,-28.65,41.62,76.09,-0.58,-0.63,0,0,0,0,2.76,0;-5.47,21.87,-42.47,0,-0.54,0.01,-28.65,41.62,76.09,-0.58,-0.63,0,0,0,0,2.78,0;-5.42,22.28,-42.56,0,-0.55,0,-28.65,41.62,76.09,-0.58,-0.63,0,0,0,0,2.78,0;-5.35,22.76,-42.68,0.01,-0.55,0,-28.65,41.62,76.09,-0.58,-0.63,0,0,0,0,2.8,0;-5.27,23.18,-42.82,0.01,-0.55,0,-28.65,41.62,76.09,-0.58,-0.63,0,0,0,0,2.81,0;-5.18,23.5,-42.96,0.01,-0.55,0,-28.65,41.62,76.09,-0.58,-0.63,0,0,0,0,2.83,0;-5.08,23.81,-43.13,0.01,-0.55,0,-28.65,41.62,76.09,-0.58,-0.63,0,0,0,0,2.84,0;-4.96,24.1,-43.32,0.01,-0.55,0,-28.65,41.62,76.09,-0.58,-0.63,0,0,0,0,2.85,0;-4.81,24.43,-43.56,0,-0.55,0,-28.65,41.62,76.09,-0.58,-0.63,0,0,0,0,2.87,0;-4.58,24.81,-43.95,-0,-0.55,-0.01,-28.65,41.62,76.09,-0.58,-0.63,0,0,0,0,2.9,0;-4.37,25.02,-44.29,-0,-0.55,-0.01,-28.65,41.62,76.09,-0.58,-0.63,0,0,0,0,2.92,0;-4.19,25.14,-44.58,-0,-0.55,-0.01,-28.65,41.62,76.09,-0.58,-0.63,0,0,0,0,2.94,0;-4.02,25.31,-44.86,-0,-0.58,-0.01,-28.65,41.62,76.09,-0.58,-0.63,0,0,0,0,2.96,0;-3.93,25.46,-45,-0,-0.61,-0.01,-28.65,41.62,76.09,-0.58,-0.63,0,0,0,0,2.98,0;-3.91,25.53,-45.03,-0,-0.66,-0,-28.65,41.62,76.09,-0.58,-0.63,0,0,0,0,2.99,0;-3.89,25.59,-45.07,0,-0.71,0,-28.65,41.62,76.09,-0.58,-0.63,0,0,0,0,2.99,0;-3.89,25.66,-45.08,0,-0.77,0.01,-28.65,41.62,76.09,-0.58,-0.63,0,0,0,0,3,0;-3.91,25.73,-45.04,0,-0.86,0.01,-28.65,41.62,76.09,-0.58,-0.63,0,0,0,0,3.01,0;-3.94,25.81,-45,-0,-0.95,0.01,-28.65,41.62,76.09,-0.58,-0.63,0,0,0,0,3.01,0;-3.97,25.92,-44.95,-0,-1.06,0.01,-28.65,41.62,76.09,-0.58,-0.63,0,0,0,0,3.02,0;-3.99,26.06,-44.89,-0,-1.15,0.01,-28.65,41.62,76.09,-0.58,-0.63,0,0,0,0,3.03,0;-4.01,26.19,-44.83,-0,-1.23,0,-28.65,41.62,76.09,-0.58,-0.63,0,0,0,0,3.03,0;-4,26.46,-44.73,0,-1.34,0,-28.65,41.62,76.09,-0.58,-0.63,0,0,0,0,3.04,0;-3.95,26.99,-44.53,0.01,-1.49,-0,-28.65,41.62,76.09,-0.58,-0.63,0,0,0,0,3.05,0;-3.81,27.47,-44.39,0.01,-1.49,-0,-28.65,41.62,76.09,-0.58,-0.63,0,0,0,0,3.06,0;-3.67,27.92,-44.26,0,-1.43,-0,-28.65,41.62,76.09,-0.58,-0.63,0,0,0,0,3.08,0;-3.59,28.15,-44.19,-0,-1.35,-0,-28.65,41.62,76.09,-0.58,-0.63,0,0,0,0,3.08,0;-3.52,28.32,-44.14,-0,-1.27,-0,-28.65,41.62,76.09,-0.58,-0.63,0,0,0,0,3.09,0;-3.45,28.47,-44.1,-0,-1.14,-0,-28.65,41.62,76.09,-0.58,-0.63,0,0,0,0,3.1,0;-3.4,28.58,-44.07,-0,-1.05,-0,-28.65,41.62,76.09,-0.58,-0.63,0,0,0,0,3.1,0;-3.33,28.74,-44.02,-0,-0.92,0,-28.65,41.62,76.09,-0.58,-0.63,0,0,0,0,3.11,0;-3.27,28.87,-43.99,-0,-0.82,0,-28.65,41.62,76.09,-0.58,-0.63,0,0,0,0,3.12,0;-3.13,29.37,-43.92,-0,-0.62,0,-28.65,41.62,76.09,-0.58,-0.63,0,0,0,0,3.12,0;-2.98,29.89,-43.86,-0,-0.45,0.01,-28.65,41.62,76.09,-0.58,-0.63,0,0,0,0,3.13,0;-2.86,30.29,-43.83,-0,-0.36,0.01,-28.65,41.62,76.09,-0.58,-0.63,0,0,0,0,3.14,0;-2.75,30.65,-43.8,0,-0.28,0.01,-28.65,41.62,76.09,-0.58,-0.63,0,0,0,0,3.15,0;-2.67,30.92,-43.78,0,-0.21,0,-28.65,41.62,76.09,-0.58,-0.63,0,0,0,0,3.15,0;-2.56,31.25,-43.77,0,-0.12,0,-28.65,41.62,76.09,-0.58,-0.63,0,0,0,0,3.16,0;-2.47,31.53,-43.76,0,-0.03,0,-28.65,41.62,76.09,-0.58,-0.63,0,0,0,0,3.17,0;-2.37,31.84,-43.77,0,0.05,0,-28.65,41.62,76.09,-0.58,-0.63,0,0,0,0,3.17,0;-2.26,32.17,-43.78,0.01,0.15,-0,-28.65,41.62,76.09,-0.58,-0.63,0,0,0,0,3.18,0;-2.18,32.42,-43.8,0.01,0.22,-0,-28.65,41.62,76.09,-0.58,-0.63,0,0,0,0,3.19,0;-2.07,32.73,-43.83,0,0.3,-0,-28.65,41.62,76.09,-0.58,-0.63,0,0,0,0,3.19,0;-2,32.95,-43.85,0,0.36,-0,-28.65,41.62,76.09,-0.58,-0.63,0,0,0,0,3.2,0;-1.9,33.25,-43.89,0,0.44,-0.01,-28.65,41.62,76.09,-0.58,-0.63,0,0,0,0,3.21,0;-1.8,33.57,-43.96,-0,0.5,-0.01,-28.65,41.62,76.09,-0.58,-0.63,0,0,0,0,3.22,0;-1.71,33.86,-44.03,-0,0.56,-0.01,-28.65,41.62,76.09,-0.58,-0.63,0,0,0,0,3.24,0;-1.65,34.03,-44.08,-0,0.6,-0,-28.65,41.62,76.09,-0.58,-0.63,0,0,0,0,3.24,0;-1.59,34.23,-44.15,-0.01,0.66,-0,-28.65,41.62,76.09,-0.58,-0.63,0,0,0,0,3.25,0;-1.53,34.43,-44.21,-0.01,0.71,0,-28.65,41.62,76.09,-0.58,-0.63,0,0,0,0,3.26,0;-1.48,34.62,-44.29,-0.01,0.77,0,-28.65,41.62,76.09,-0.58,-0.63,0,0,0,0,3.26,0;-1.43,34.78,-44.36,-0,0.81,0,-28.65,41.62,76.09,-0.58,-0.63,0,0,0,0,3.27,0;-1.39,34.96,-44.45,-0,0.87,0,-28.65,41.62,76.09,-0.58,-0.63,0,0,0,0,3.28,0;-1.34,35.15,-44.57,0,0.91,0,-28.65,41.62,76.09,-0.58,-0.63,0,0,0,0,3.28,0;-1.31,35.36,-44.71,0.01,0.94,0,-28.65,41.62,76.09,-0.58,-0.63,0,0,0,0,3.29,0;-1.29,35.7,-45.01,0.01,0.98,0,-28.65,41.62,76.09,-0.58,-0.63,0,0,0,0,3.31,0;-1.31,35.87,-45.22,0.01,1.02,-0,-28.65,41.62,76.09,-0.58,-0.63,0,0,0,0,3.33,0;-1.36,36.03,-45.49,0,1.05,-0,-28.65,41.62,76.09,-0.58,-0.63,0,0,0,0,3.35,0;-1.46,36.13,-45.81,0,1.05,-0.01,-28.65,41.62,76.09,-0.58,-0.63,0,0,0,0,3.37,0;-1.56,36.25,-46.16,0,1.07,-0.01,-28.65,41.62,76.09,-0.58,-0.63,0,0,0,0,3.39,0;-1.66,36.51,-46.45,-0,1.04,-0.01,-28.65,41.62,76.09,-0.58,-0.63,0,0,0,0,3.42,0;-1.69,36.61,-46.56,-0,1,-0.01,-28.65,41.62,76.09,-0.58,-0.63,0,0,0,0,3.42,0;-1.73,36.73,-46.73,-0,0.94,-0,-28.65,41.62,76.09,-0.58,-0.63,0,0,0,0,3.44,0;-1.75,36.77,-46.83,-0.01,0.86,-0,-28.65,41.62,76.09,-0.58,-0.63,0,0,0,0,3.44,0;-1.76,36.8,-46.93,-0.01,0.78,0,-28.65,41.62,76.09,-0.58,-0.63,0,0,0,0,3.45,0;-1.78,36.83,-47.05,-0.01,0.67,0,-28.65,41.62,76.09,-0.58,-0.63,0,0,0,0,3.46,0;-1.78,36.86,-47.15,-0.01,0.59,0,-28.65,41.62,76.09,-0.58,-0.63,0,0,0,0,3.46,0;-1.77,36.88,-47.26,-0.01,0.52,0,-28.65,41.62,76.09,-0.58,-0.63,0,0,0,0,3.47,0;-1.77,36.91,-47.37,-0.01,0.43,0,-28.65,41.62,76.09,-0.58,-0.63,0,0,0,0,3.48,0;-1.73,37.05,-47.46,-0.01,0.37,0,-28.65,41.62,76.09,-0.58,-0.63,0,0,0,0,3.49,0;-1.69,37.2,-47.55,-0.01,0.31,0,-28.65,41.62,76.09,-0.58,-0.63,0,0,0,0,3.49,0;-1.65,37.32,-47.62,-0.01,0.26,0,-28.65,41.62,76.09,-0.58,-0.63,0,0,0,0,3.5,0;-1.52,37.51,-47.69,-0.01,0.2,0,-28.65,41.62,76.09,-0.58,-0.63,0,0,0,0,3.51,0;-1.16,37.79,-47.78,0,0.19,0,-28.65,41.62,76.09,-0.58,-0.63,0,0,0,0,3.54,0;-1.03,37.83,-47.81,0.01,0.25,0,-28.65,41.62,76.09,-0.58,-0.63,0,0,0,0,3.55,0;-0.93,37.87,-47.83,0.01,0.3,-0,-28.65,41.62,76.09,-0.58,-0.63,0,0,0,0,3.55,0;-0.8,38.13,-47.86,0.01,0.36,-0,-28.65,41.62,76.09,-0.58,-0.63,0,0,0,0,3.56,0;-0.62,38.74,-47.92,0.01,0.46,-0,-28.65,41.62,76.09,-0.58,-0.63,0,0,0,0,3.57,0;-0.51,39.11,-47.97,0.01,0.53,-0,-28.71,41.48,76.17,-0.57,-0.63,0,0,0,0,3.58,0;-0.41,39.46,-48.03,0.01,0.6,-0,-28.76,41.34,76.24,-0.57,-0.63,0,0,0,0,3.58,0;-0.31,39.8,-48.08,0.01,0.66,-0,-28.76,41.34,76.24,-0.57,-0.63,0,0,0,0,3.59,0;-0.16,40.32,-48.19,0.01,0.7,-0,-28.76,41.34,76.24,-0.57,-0.63,0,0,0,0,3.6,0;0,40.9,-48.34,0.01,0.72,-0,-28.76,41.34,76.24,-0.57,-0.63,0,0,0,0,3.62,0;0.15,41.42,-48.48,0.01,0.73,-0,-29.22,40.11,76.86,-0.55,-0.63,0,0,0,0,3.63,0;0.3,41.85,-48.61,0.01,0.73,-0,-29.86,38.29,77.73,-0.52,-0.63,0,0,0,0,3.64,0;0.45,42.31,-48.76,0,0.73,-0,-30.05,37.72,77.99,-0.51,-0.63,0,0,0,0,3.66,0;0.62,42.8,-48.92,0,0.73,-0.01,-30.42,36.58,78.49,-0.49,-0.63,0,0,0,0,3.67,0;0.79,43.22,-49.08,-0,0.74,-0.01,-30.73,35.57,78.91,-0.47,-0.63,0,0,0,0,3.69,0;1.02,43.74,-49.31,-0,0.79,-0.01,-31.11,34.27,79.44,-0.45,-0.63,0,0,0,0,3.7,0;1.15,44.01,-49.45,-0,0.82,-0.01,-31.59,33.68,79.43,-0.44,-0.64,0,0,0,0,3.71,0;1.31,44.3,-49.64,-0,0.82,-0.01,-31.99,32.8,79.65,-0.43,-0.64,0,0,0,0,3.73,0;1.47,44.56,-49.83,-0,0.84,-0.01,-32.42,31.76,79.9,-0.41,-0.65,0,0,0,0,3.74,0;1.58,44.73,-49.98,-0,0.89,-0,-32.65,31.46,79.89,-0.41,-0.65,0,0,0,0,3.76,0;1.79,44.97,-50.26,-0.01,0.94,-0,-32.84,30.71,80.14,-0.39,-0.65,0,0,0,0,3.78,0;1.89,45.05,-50.4,-0.01,0.97,-0,-33.34,29.96,80.14,-0.38,-0.66,0,0,0,0,3.79,0;1.99,45.11,-50.56,-0.01,1,-0,-33.64,29.35,80.21,-0.37,-0.66,0,0,0,0,3.8,0;2.14,45.15,-50.83,-0.01,1.05,0,-34.01,28.44,80.36,-0.36,-0.66,0,0,0,0,3.83,0;2.25,45.14,-51.04,-0,1.1,0.01,-34.3,27.83,80.42,-0.35,-0.67,0,0,0,0,3.84,0;2.33,45.1,-51.22,0,1.13,0.01,-34.44,27.22,80.59,-0.34,-0.67,0,0,0,0,3.85,0;2.49,44.91,-51.58,0,1.13,0.01,-35.32,25.22,80.74,-0.31,-0.68,0,0,0,0,3.87,0;2.61,44.69,-51.86,0.01,1.14,0,-36.54,21.94,80.96,-0.26,-0.69,0,0,0,0,3.89,0;2.74,44.34,-52.18,0.01,1.15,0,-38.47,17.35,80.69,-0.18,-0.71,0,0,0,0,3.92,0;2.87,43.93,-52.49,0.01,1.17,0,-39.76,13.98,80.27,-0.13,-0.73,0,0,0,0,3.94,0;2.96,43.58,-52.72,0.01,1.2,0,-40.44,11.24,80.08,-0.09,-0.74,0,0,0,0,3.95,0;3.03,43.22,-52.92,0.01,1.23,-0,-41,9.46,79.75,-0.07,-0.75,0,0,0,0,3.96,0;3.09,42.86,-53.11,0.01,1.25,-0,-41.17,8.97,79.63,-0.06,-0.75,0,0,0,0,3.98,0;3.14,42.49,-53.29,0,1.29,-0.01,-41.18,8.81,79.64,-0.06,-0.75,0,0,0,0,3.99,0;3.18,42.12,-53.47,0,1.33,-0,-41.18,8.81,79.64,-0.06,-0.75,0,0,0,0,4.01,0;3.2,41.85,-53.59,0,1.38,-0.01,-41.18,8.81,79.64,-0.06,-0.75,0,0,0,0,4.01,0;3.22,41.61,-53.69,0,1.43,-0.01,-41.18,8.81,79.64,-0.06,-0.75,0,0,0,0,4.02,0;3.24,41.33,-53.81,0,1.49,-0.01,-41.18,8.81,79.64,-0.06,-0.75,0,0,0,0,4.03,0;3.24,41.06,-53.92,0,1.56,-0.01,-41.18,8.81,79.64,-0.06,-0.75,0,0,0,0,4.03,0;3.23,40.76,-54.04,0.01,1.64,-0.01,-41.18,8.81,79.64,-0.06,-0.75,0,0,0,0,4.04,0;3.23,40.46,-54.15,0.01,1.72,-0.01,-41.18,8.81,79.64,-0.06,-0.75,0,0,0,0,4.05,0;3.21,40.16,-54.26,0.01,1.78,-0.01,-41.18,8.81,79.64,-0.06,-0.75,0,0,0,0,4.05,0;3.18,39.8,-54.38,0.01,1.84,-0.01,-41.18,8.81,79.64,-0.06,-0.75,0,0,0,0,4.06,0;3.16,39.48,-54.5,0.01,1.9,-0.01,-41.18,8.81,79.64,-0.06,-0.75,0,0,0,0,4.07,0;3.1,38.92,-54.67,0,2.06,-0.01,-41.18,8.81,79.64,-0.06,-0.75,0,0,0,0,4.08,0;3.04,38.48,-54.79,0,2.15,-0.01,-41.18,8.81,79.64,-0.06,-0.75,0,0,0,0,4.08,0;3,38.2,-54.87,0,2.2,-0.01,-41.18,8.81,79.64,-0.06,-0.75,0,0,0,0,4.09,0;2.95,37.9,-54.95,0,2.25,-0.01,-41.18,8.81,79.64,-0.06,-0.75,0,0,0,0,4.1,0;2.87,37.42,-55.05,-0,2.29,-0.01,-41.18,8.81,79.64,-0.06,-0.75,0,0,0,0,4.1,0;2.78,36.95,-55.15,-0,2.33,-0.01,-41.18,8.81,79.64,-0.06,-0.75,0,0,0,0,4.11,0;2.68,36.41,-55.28,-0,2.38,-0.01,-41.18,8.81,79.64,-0.06,-0.75,0,0,0,0,4.12,0;2.7,36.35,-55.44,-0,2.42,-0.01,-41.18,8.81,79.64,-0.06,-0.75,0,0,0,0,4.12,0;2.72,36.29,-55.61,-0,2.46,-0.01,-41.18,8.81,79.64,-0.06,-0.75,0,0,0,0,4.13,0;2.77,36.24,-55.86,-0,2.51,-0.01,-41.18,8.81,79.64,-0.06,-0.75,0,0,0,0,4.14,0;2.95,36.43,-56.39,-0,2.56,-0.01,-41.18,8.81,79.64,-0.06,-0.75,0,0,0,0,4.15,0;3.12,36.6,-56.9,-0,2.59,-0.01,-41.18,8.81,79.64,-0.06,-0.75,0,0,0,0,4.16,0;3.3,36.76,-57.44,-0,2.61,-0,-41.18,8.81,79.64,-0.06,-0.75,0,0,0,0,4.17,0;3.42,36.86,-57.79,0,2.61,-0,-41.18,8.81,79.64,-0.06,-0.75,0,0,0,0,4.17,0;3.53,36.94,-58.15,0,2.59,-0,-41.18,8.81,79.64,-0.06,-0.75,0,0,0,0,4.19,0;3.69,37.04,-58.65,0,2.51,-0,-41.18,8.81,79.64,-0.06,-0.75,0,0,0,0,4.2,0;3.87,37.14,-59.25,0,2.33,-0,-41.18,8.81,79.64,-0.06,-0.75,0,0,0,0,4.21,0;3.97,37.18,-59.6,0,2.03,-0,-41.18,8.81,79.64,-0.06,-0.75,0,0,0,0,4.21,0;4.04,37.2,-59.83,0,1.75,0,-41.18,8.81,79.64,-0.06,-0.75,0,0,0,0,4.22,0;4.12,37.22,-60.11,0.01,1.43,0,-41.18,8.81,79.64,-0.06,-0.75,0,0,0,0,4.23,0;4.18,37.22,-60.33,0.01,1.19,0,-41.18,8.81,79.64,-0.06,-0.75,0,0,0,0,4.24,0;4.24,37.23,-60.52,0.01,0.98,0,-41.18,8.81,79.64,-0.06,-0.75,0,0,0,0,4.24,0;4.31,37.23,-60.76,0.01,0.76,0,-41.18,8.81,79.64,-0.06,-0.75,0,0,0,0,4.25,0;4.48,37.17,-61.29,0.01,0.76,0,-41.18,8.81,79.64,-0.06,-0.75,0,0,0,0,4.26,0;4.64,37.08,-61.83,0.01,0.8,-0,-41.18,8.81,79.64,-0.06,-0.75,0,0,0,0,4.28,0;4.72,37.03,-62.07,0.01,0.83,-0,-41.18,8.81,79.64,-0.06,-0.75,0,0,0,0,4.28,0;4.78,36.98,-62.26,0.01,0.86,-0,-41.18,8.81,79.64,-0.06,-0.75,0,0,0,0,4.29,0;4.84,36.91,-62.47,0.01,0.91,-0,-41.18,8.81,79.64,-0.06,-0.75,0,0,0,0,4.3,0;4.89,36.85,-62.65,0,0.96,-0,-41.18,8.81,79.64,-0.06,-0.75,0,0,0,0,4.31,0;4.98,36.71,-62.96,0,0.99,-0.01,-41.01,9.13,79.77,-0.06,-0.75,0,0,0,0,4.31,0;5.09,36.46,-63.43,0,0.99,-0.01,-40.66,10.1,80.01,-0.08,-0.74,0,0,0,0,4.33,0;5.17,36.24,-63.77,-0,0.99,-0.01,-40.16,10.59,80.4,-0.08,-0.74,0,0,0,0,4.34,0;5.24,35.92,-64.15,-0,0.98,-0.01,-40.15,10.75,80.39,-0.09,-0.74,0,0,0,0,4.35,0;5.28,35.65,-64.44,-0,0.96,-0.01,-39.6,12.04,80.72,-0.11,-0.73,0,0,0,0,4.37,0;5.31,35.35,-64.71,-0.01,0.94,-0,-39.22,13.01,80.92,-0.12,-0.72,0,0,0,0,4.38,0;5.34,35.02,-64.97,-0.01,0.94,-0,-38.87,13.33,81.16,-0.12,-0.71,0,0,0,0,4.4,0;5.35,34.59,-65.25,-0.01,0.94,-0,-38.66,13.98,81.23,-0.13,-0.71,0,0,0,0,4.41,0;5.34,33.99,-65.58,-0.01,0.94,-0,-38.25,14.94,81.4,-0.15,-0.7,0,0,0,0,4.42,0;5.31,33.58,-65.78,-0.01,0.94,0,-38.25,14.94,81.4,-0.15,-0.7,0,0,0,0,4.43,0;5.28,33.04,-66,-0.01,0.94,0,-38.21,15.43,81.34,-0.16,-0.7,0,0,0,0,4.44,0;5.25,32.53,-66.19,-0.01,0.94,0,-38.19,15.59,81.32,-0.16,-0.7,0,0,0,0,4.46,0;5.21,32.02,-66.38,-0,0.94,0.01,-37.66,16.07,81.67,-0.17,-0.69,0,0,0,0,4.47,0;5.19,31.51,-66.55,0,0.94,0.01,-37.63,16.39,81.62,-0.17,-0.69,0,0,0,0,4.49,0;5.17,31.17,-66.67,0,0.94,0.01,-37.43,16.71,81.71,-0.18,-0.69,0,0,0,0,4.49,0;5.15,30.78,-66.79,0,0.94,0.01,-37.25,16.87,81.82,-0.18,-0.69,0,0,0,0,4.5,0;5.09,29.79,-67.09,0,0.94,0,-37.23,17.03,81.8,-0.18,-0.69,0,0,0,0,4.51,0;5.06,29.34,-67.22,0.01,0.94,0,-37.22,17.19,81.78,-0.18,-0.69,0,0,0,0,4.52,0;5.03,28.68,-67.4,0.01,0.94,0,-37.22,17.19,81.78,-0.18,-0.69,0,0,0,0,4.53,0;5.01,28.34,-67.49,0.01,0.94,0,-37.2,17.35,81.76,-0.18,-0.69,0,0,0,0,4.54,0;5,27.96,-67.59,0.01,0.95,0,-37.18,17.51,81.73,-0.19,-0.69,0,0,0,0,4.55,0;4.97,27.3,-67.76,0.01,0.96,0,-37.18,17.51,81.73,-0.19,-0.69,0,0,0,0,4.56,0;4.94,26.79,-67.88,0.01,0.96,-0,-37.18,17.51,81.73,-0.19,-0.69,0,0,0,0,4.57,0;4.92,26.35,-67.99,0.01,0.97,-0,-37.18,17.51,81.73,-0.19,-0.69,0,0,0,0,4.58,0;4.9,25.87,-68.11,0.01,0.98,-0,-37.18,17.51,81.73,-0.19,-0.69,0,0,0,0,4.58,0;4.87,25.41,-68.21,0.01,0.98,-0,-37.18,17.51,81.73,-0.19,-0.69,0,0,0,0,4.59,0;4.85,24.87,-68.34,0,0.99,-0,-37.18,17.51,81.73,-0.19,-0.69,0,0,0,0,4.6,0;4.82,24.44,-68.44,0,0.99,-0.01,-37.18,17.51,81.73,-0.19,-0.69,0,0,0,0,4.6,0;4.81,24.05,-68.52,0,0.99,-0.01,-36.8,17.98,81.92,-0.19,-0.68,0,0,0,0,4.61,0;4.78,23.6,-68.62,0,0.99,-0.01,-36.62,18.14,82.03,-0.2,-0.68,0,0,0,0,4.62,0;4.76,23.07,-68.73,0,0.99,-0.01,-36.62,18.14,82.03,-0.2,-0.68,0,0,0,0,4.63,0;4.73,22.47,-68.85,0,0.99,-0.01,-36.6,18.3,82,-0.2,-0.68,0,0,0,0,4.63,0;4.71,22.02,-68.94,0,0.99,-0.01,-36.6,18.3,82,-0.2,-0.68,0,0,0,0,4.64,0;4.68,21.39,-69.07,0,0.99,-0.01,-36.38,18.78,82.06,-0.21,-0.68,0,0,0,0,4.65,0;4.65,20.83,-69.18,0,0.99,-0.01,-36.19,18.94,82.16,-0.21,-0.67,0,0,0,0,4.65,0;4.63,20.26,-69.29,0,0.99,-0.01,-36.19,18.94,82.16,-0.21,-0.67,0,0,0,0,4.66,0;4.59,19.31,-69.47,0,0.99,-0.01,-36.19,18.94,82.16,-0.21,-0.67,0,0,0,0,4.67,0;4.55,18.53,-69.61,0,1,-0.01,-36.19,18.94,82.16,-0.21,-0.67,0,0,0,0,4.67,0;4.54,18.11,-69.69,-0,1,-0.01,-36.19,18.94,82.16,-0.21,-0.67,0,0,0,0,4.68,0;4.52,17.62,-69.78,-0,1,-0.01,-36.19,18.94,82.16,-0.21,-0.67,0,0,0,0,4.69,0;4.49,17.06,-69.88,-0,1.01,-0.01,-36.17,19.1,82.13,-0.21,-0.67,0,0,0,0,4.69,0;4.46,16.32,-70,-0,1.02,-0,-36.17,19.1,82.13,-0.21,-0.67,0,0,0,0,4.7,0;4.43,15.72,-70.1,-0,1.03,-0,-36.17,19.1,82.13,-0.21,-0.67,0,0,0,0,4.71,0;4.41,15.15,-70.2,-0.01,1.04,-0,-36.17,19.1,82.13,-0.21,-0.67,0,0,0,0,4.72,0;4.37,14.55,-70.3,-0,1.05,-0,-36.17,19.1,82.13,-0.21,-0.67,0,0,0,0,4.72,0;4.35,14.04,-70.38,-0.01,1.06,-0,-36.17,19.1,82.13,-0.21,-0.67,0,0,0,0,4.73,0;4.33,13.55,-70.46,-0.01,1.07,-0,-36.17,19.1,82.13,-0.21,-0.67,0,0,0,0,4.73,0;4.3,12.97,-70.55,-0.01,1.08,0,-36.17,19.1,82.13,-0.21,-0.67,0,0,0,0,4.74,0;4.27,12.31,-70.66,-0.01,1.09,0,-36.17,19.1,82.13,-0.21,-0.67,0,0,0,0,4.75,0;4.2,11.46,-70.84,-0,1.11,0,-35.78,19.57,82.31,-0.22,-0.67,0,0,0,0,4.76,0;4.09,11.43,-71.18,-0,1.15,0,-35.6,19.73,82.41,-0.22,-0.66,0,0,0,0,4.78,0;3.99,11.82,-71.44,-0,1.16,0.01,-35.6,19.73,82.41,-0.22,-0.66,0,0,0,0,4.8,0
);
);

stage171(
{
CreatorID="186767861",

ExtentsSize={69.00,24.50,19.00}
}
traj1(
1.6,3.49,-7.76,-0,1.6,0,0.65,10.63,49.29,-0.36,-0.45,0,0,0,0,0.03,0;1.6,3.49,-8.16,-0,1.6,0,0.65,10.63,49.29,-0.36,-0.45,0,0,0,0,0.05,0;1.59,3.49,-8.58,-0,1.52,0,0.65,10.63,49.29,-0.36,-0.45,0,0,0,0,0.08,0;1.59,3.49,-8.68,-0,1.47,0,0.65,10.63,49.29,-0.36,-0.45,0,0,0,0,0.08,0;1.59,3.49,-8.8,-0,1.39,0,0.65,10.63,49.29,-0.36,-0.45,0,0,0,0,0.09,0;1.59,3.49,-8.89,-0,1.34,0,0.65,10.63,49.29,-0.36,-0.45,0,0,0,0,0.1,0;1.58,3.49,-8.99,-0,1.27,0,0.65,10.63,49.29,-0.36,-0.45,0,0,0,0,0.1,0;1.58,3.49,-9.08,-0,1.21,0,0.65,10.63,49.29,-0.36,-0.45,0,0,0,0,0.11,0;1.58,3.49,-9.16,-0,1.16,0,0.65,10.63,49.29,-0.36,-0.45,0,0,0,0,0.12,0;1.58,3.49,-9.26,-0,1.1,0,0.65,10.63,49.29,-0.36,-0.45,0,0,0,0,0.12,0;1.58,3.49,-9.37,-0,1.04,0,0.65,10.63,49.29,-0.36,-0.45,0,0,0,0,0.13,0;1.57,3.47,-9.6,-0,0.91,0,0.65,10.63,49.29,-0.36,-0.45,0,0,0,0,0.14,0;1.57,3.45,-9.75,-0,0.84,0,0.65,10.63,49.29,-0.36,-0.45,0,0,0,0,0.14,0;1.57,3.43,-9.83,-0,0.8,0,0.65,10.63,49.29,-0.36,-0.45,0,0,0,0,0.15,0;1.57,3.41,-9.92,-0,0.75,0,0.65,10.63,49.29,-0.36,-0.45,0,0,0,0,0.16,0;1.57,3.36,-10.03,-0,0.69,0,0.65,10.63,49.29,-0.36,-0.45,0,0,0,0,0.17,0;1.56,3.32,-10.12,-0,0.65,0,0.65,10.63,49.29,-0.36,-0.45,0,0,0,0,0.17,0;1.56,3.28,-10.21,-0,0.61,0,0.65,10.63,49.29,-0.36,-0.45,0,0,0,0,0.18,0;1.56,3.2,-10.31,-0,0.55,0,0.65,10.63,49.29,-0.36,-0.45,0,0,0,0,0.19,0;1.56,3.11,-10.44,-0,0.49,0,0.65,10.63,49.29,-0.36,-0.45,0,0,0,0,0.19,0;1.56,3.04,-10.54,-0,0.43,0,0.65,10.63,49.29,-0.36,-0.45,0,0,0,0,0.2,0;1.56,2.94,-10.65,-0,0.38,0,0.65,10.63,49.29,-0.36,-0.45,0,0,0,0,0.21,0;1.56,2.86,-10.73,-0,0.34,0,0.65,10.63,49.29,-0.36,-0.45,0,0,0,0,0.21,0;1.56,2.8,-10.84,-0,0.28,0,0.65,10.63,49.29,-0.36,-0.45,0,0,0,0,0.22,0;1.55,3.02,-11.03,-0,0.19,0,0.65,10.67,49.28,-0.36,-0.45,0,0,0,0,0.23,0;1.55,3.29,-11.15,-0,0.16,0,0.66,10.7,49.27,-0.36,-0.45,0,0,0,0,0.23,0;1.54,3.84,-11.33,-0,0.13,0,0.69,10.89,49.21,-0.37,-0.45,0,0,0,0,0.25,0;1.54,4.4,-11.51,-0,0.11,0,0.74,11.17,49.1,-0.39,-0.45,0,0,0,0,0.26,0;1.54,4.89,-11.69,-0,0.1,0,0.78,11.39,49.02,-0.41,-0.45,0,0,0,0,0.28,0;1.54,5.17,-11.79,-0,0.28,0,0.83,11.64,48.92,-0.42,-0.45,0,0,0,0,0.28,0;1.54,5.51,-11.92,-0,0.84,0,0.88,11.89,48.82,-0.44,-0.45,0,0,0,0,0.29,0;1.54,5.81,-12.04,-0,1.36,0,0.92,12.1,48.72,-0.46,-0.45,0,0,0,0,0.3,0;1.54,6.24,-12.21,-0,1.55,0,0.98,12.34,48.61,-0.47,-0.45,0,0,0,0,0.3,0;1.53,6.57,-12.36,-0,1.55,0,1.02,12.55,48.52,-0.49,-0.45,0,0,0,0,0.31,0;1.53,7.11,-12.6,-0,1.55,0,1.08,12.79,48.4,-0.5,-0.45,0,0,0,0,0.33,0;1.53,7.51,-12.8,-0,1.55,0,1.18,13.2,48.19,-0.53,-0.45,0,0,0,0,0.34,0;1.53,7.85,-12.99,-0,1.54,0,1.28,13.56,47.99,-0.56,-0.45,0,0,0,0,0.35,0;1.53,8.24,-13.22,-0,1.51,0,1.36,13.86,47.82,-0.58,-0.45,0,0,0,0,0.37,0;1.52,8.66,-13.51,-0,1.51,0,1.42,14.05,47.7,-0.6,-0.45,0,0,0,0,0.39,0;1.52,9.08,-13.84,-0,1.55,0,1.42,14.24,47.7,-0.61,-0.45,0,0,0,0,0.4,0;1.52,9.36,-14.11,-0,1.54,0,1.19,14.8,48.17,-0.62,-0.45,0,0,0,0,0.42,0;1.52,9.63,-14.46,-0,1.51,0,0.88,15.42,48.82,-0.62,-0.45,0,0,0,0,0.44,0;1.52,9.82,-14.85,-0,1.52,0,0.54,16.08,49.51,-0.63,-0.45,0,0,0,0,0.47,0;1.52,9.9,-15.26,-0,1.53,0,0.29,16.55,50.02,-0.63,-0.45,0,0,0,0,0.5,0;1.52,9.86,-15.66,-0,1.51,0,0.2,16.71,50.22,-0.63,-0.45,0,0,0,0,0.51,0;1.52,9.71,-16.01,-0,1.52,0,0.09,16.94,50.43,-0.63,-0.45,0,0,0,0,0.54,0;1.52,9.5,-16.32,-0,1.52,0,0.05,17.07,50.51,-0.63,-0.45,0,0,0,0,0.56,0;1.51,9.22,-16.63,-0,1.51,0,0.03,17.11,50.57,-0.63,-0.45,0,0,0,0,0.58,0;1.51,8.84,-16.97,-0,1.53,0,0,17.15,50.61,-0.63,-0.45,0,0,0,0,0.6,0;1.51,8.53,-17.19,-0,1.52,0,-0.01,17.17,50.63,-0.63,-0.45,0,0,0,0,0.61,0;1.51,8.22,-17.4,-0,1.51,0,-0.01,17.18,50.65,-0.63,-0.45,0,0,0,0,0.62,0;1.68,8,-17.65,-0,1.49,0,-0.02,17.19,50.66,-0.63,-0.45,0,0,0,0,0.64,0;1.93,8.14,-17.71,-0,1.45,0,-0.02,17.19,50.67,-0.63,-0.45,0,0,0,0,0.65,0;2.2,8.3,-17.78,-0,1.41,0,-0.02,17.2,50.67,-0.63,-0.45,0,0,0,0,0.66,0;2.51,8.46,-17.86,-0,1.35,0,-0.02,17.2,50.67,-0.63,-0.45,0,0,0,0,0.67,0;2.74,8.59,-17.93,-0,1.29,0,-0.03,17.2,50.68,-0.63,-0.45,0,0,0,0,0.67,0;2.99,8.72,-17.99,-0,1.23,0,-0.03,17.2,50.68,-0.63,-0.45,0,0,0,0,0.68,0;3.35,8.9,-18.09,-0,1.12,0,-0.03,17.2,50.68,-0.63,-0.45,0,0,0,0,0.69,0;3.61,9.02,-18.16,-0,1.02,0,-0.03,17.2,50.68,-0.63,-0.45,0,0,0,0,0.69,0;3.9,9.16,-18.24,-0,0.92,0,-0.03,17.21,50.68,-0.63,-0.45,0,0,0,0,0.7,0;4.37,9.36,-18.37,-0,0.69,0,-0.03,17.21,50.68,-0.63,-0.45,0,0,0,0,0.71,0;4.77,9.52,-18.47,-0,0.5,0,-0.03,17.21,50.68,-0.63,-0.45,0,0,0,0,0.71,0;5.02,9.61,-18.53,-0,0.4,0,-0.03,17.21,50.68,-0.63,-0.45,0,0,0,0,0.72,0;5.25,9.7,-18.59,-0,0.3,0,-0.04,17.17,50.71,-0.63,-0.45,0,0,0,0,0.73,0;5.49,9.77,-18.65,-0,0.2,0,-0.04,17.17,50.71,-0.63,-0.45,0,0,0,0,0.74,0;5.73,9.83,-18.7,-0,0.11,0,-0.07,17.09,50.76,-0.63,-0.45,0,0,0,0,0.74,0;5.93,9.88,-18.75,-0,0.04,0,-0.07,17.09,50.77,-0.63,-0.45,0,0,0,0,0.75,0;6.1,9.92,-18.79,-0,-0.01,0,-0.11,16.97,50.84,-0.62,-0.45,0,0,0,0,0.76,0;6.29,9.95,-18.82,-0,-0.05,0,-0.22,16.76,50.95,-0.61,-0.46,0,0,0,0,0.76,0;6.49,9.99,-18.86,-0,-0.1,0,-0.38,16.56,51.03,-0.59,-0.46,0,0,0,0,0.77,0;6.97,10.03,-18.93,-0,-0.12,0,-0.5,16.31,51.15,-0.58,-0.46,0,0,0,0,0.78,0;7.51,10.03,-19,-0,-0.03,0,-0.55,16.14,51.25,-0.57,-0.46,0,0,0,0,0.8,0;7.76,10,-19.02,-0,0.03,0,-0.58,16.01,51.32,-0.56,-0.46,0,0,0,0,0.8,0;7.93,9.97,-19.04,-0,0.06,0,-0.63,15.84,51.42,-0.55,-0.46,0,0,0,0,0.81,0;8.12,9.94,-19.05,-0,0.1,0,-0.68,15.67,51.51,-0.54,-0.46,0,0,0,0,0.82,0;8.3,9.89,-19.07,-0,0.15,0,-0.72,15.5,51.6,-0.53,-0.46,0,0,0,0,0.83,0;8.44,9.84,-19.08,-0,0.2,0,-0.77,15.33,51.69,-0.52,-0.46,0,0,0,0,0.83,0;8.58,9.79,-19.1,-0,0.25,0,-0.8,15.2,51.76,-0.52,-0.46,0,0,0,0,0.84,0;8.74,9.7,-19.12,-0,0.31,0,-0.84,15.07,51.82,-0.51,-0.46,0,0,0,0,0.85,0;8.87,9.62,-19.14,-0,0.36,0,-0.84,15.07,51.82,-0.51,-0.46,0,0,0,0,0.85,0;9.05,9.52,-19.17,-0,0.42,0,-0.82,14.94,51.92,-0.5,-0.46,0,0,0,0,0.86,0;9.12,9.62,-19.2,-0,0.47,0,-0.83,14.89,51.94,-0.5,-0.46,0,0,0,0,0.87,0;9.22,9.74,-19.23,-0,0.53,0,-0.84,14.85,51.96,-0.5,-0.46,0,0,0,0,0.87,0;9.33,9.89,-19.27,-0,0.6,0,-0.86,14.76,52,-0.49,-0.46,0,0,0,0,0.88,0;9.47,10.32,-19.37,0,0.72,-0,-0.88,14.67,52.04,-0.49,-0.46,0,0,0,0,0.89,0;9.59,10.68,-19.46,0,0.84,-0.01,-0.9,14.58,52.08,-0.48,-0.46,0,0,0,0,0.9,0;9.66,10.89,-19.51,0,0.92,-0.01,-0.92,14.5,52.13,-0.48,-0.46,0,0,0,0,0.9,0;9.73,11.07,-19.56,0,0.99,-0.01,-0.92,14.5,52.13,-0.48,-0.46,0,0,0,0,0.91,0;9.79,11.29,-19.64,0,1.07,-0.01,-0.95,14.36,52.19,-0.47,-0.46,0,0,0,0,0.92,0;9.84,11.47,-19.71,0,1.13,-0.01,-0.97,14.27,52.23,-0.47,-0.46,0,0,0,0,0.92,0;9.89,11.66,-19.78,0,1.19,-0.01,-0.98,14.23,52.25,-0.46,-0.46,0,0,0,0,0.93,0;9.94,12.04,-19.89,0,1.24,-0,-1.01,14.09,52.31,-0.46,-0.46,0,0,0,0,0.94,0;10.04,12.72,-20.09,-0,1.3,0,-1.03,14,52.35,-0.45,-0.46,0,0,0,0,0.95,0;10.07,13.03,-20.19,-0,1.34,0.01,-1.05,13.91,52.38,-0.45,-0.46,0,0,0,0,0.96,0;10.09,13.28,-20.28,-0,1.37,0.01,-1.07,13.82,52.42,-0.44,-0.46,0,0,0,0,0.96,0;10.11,13.53,-20.37,-0,1.41,0.01,-1.1,13.69,52.48,-0.43,-0.46,0,0,0,0,0.97,0;10.14,14.16,-20.6,-0,1.41,0.01,-1.15,13.46,52.57,-0.42,-0.46,0,0,0,0,0.98,0;10.17,14.79,-20.86,0,1.42,0,-1.21,13.14,52.7,-0.41,-0.46,0,0,0,0,1,0;10.19,15.42,-21.12,0,1.43,-0.01,-1.24,12.96,52.77,-0.4,-0.46,0,0,0,0,1.01,0;10.21,15.81,-21.3,0,1.46,-0.01,-1.29,12.68,52.87,-0.38,-0.46,0,0,0,0,1.03,0;10.22,16.17,-21.49,-0,1.46,-0,-1.25,12.31,53.05,-0.36,-0.46,0,0,0,0,1.04,0;10.24,16.62,-21.74,-0.01,1.45,-0,-1.22,12.17,53.13,-0.35,-0.45,0,0,0,0,1.05,0;10.26,16.99,-21.95,-0.01,1.43,0,-1.22,12.17,53.13,-0.35,-0.45,0,0,0,0,1.06,0;10.28,17.28,-22.16,-0.01,1.45,0,-1.25,11.98,53.19,-0.34,-0.45,0,0,0,0,1.08,0;10.3,17.68,-22.48,-0,1.43,0.01,-1.26,11.88,53.22,-0.34,-0.45,0,0,0,0,1.1,0;10.33,17.97,-22.75,-0,1.43,0.01,-1.28,11.79,53.25,-0.33,-0.45,0,0,0,0,1.12,0;10.35,18.22,-23.05,0,1.46,0,-1.28,11.74,53.26,-0.33,-0.45,0,0,0,0,1.14,0;10.39,18.46,-23.53,0.01,1.44,0,-1.28,11.74,53.26,-0.33,-0.45,0,0,0,0,1.17,0;10.42,18.53,-23.88,0.01,1.45,0,-1.28,11.74,53.26,-0.33,-0.45,0,0,0,0,1.19,0;10.45,18.49,-24.33,0,1.43,-0.01,-1.28,11.74,53.26,-0.33,-0.45,0,0,0,0,1.22,0;10.49,18.32,-24.71,0,1.41,-0.01,-1.28,11.74,53.26,-0.33,-0.45,0,0,0,0,1.24,0;10.5,18.24,-24.84,0,1.36,-0.01,-1.28,11.74,53.26,-0.33,-0.45,0,0,0,0,1.25,0;10.51,18.12,-25,0,1.29,-0.01,-1.28,11.74,53.26,-0.33,-0.45,0,0,0,0,1.26,0;10.52,17.99,-25.16,0,1.22,-0,-1.28,11.74,53.26,-0.33,-0.45,0,0,0,0,1.26,0;10.53,17.9,-25.25,0,1.17,-0.01,-1.28,11.74,53.26,-0.33,-0.45,0,0,0,0,1.27,0;10.54,17.79,-25.35,0,1.11,-0.01,-1.28,11.74,53.26,-0.33,-0.45,0,0,0,0,1.28,0;10.54,17.68,-25.45,0,1.07,-0.01,-1.28,11.74,53.26,-0.33,-0.45,0,0,0,0,1.28,0;10.56,17.53,-25.58,0,1,-0.01,-1.28,11.74,53.26,-0.33,-0.45,0,0,0,0,1.29,0;10.56,17.4,-25.68,-0,0.95,-0.01,-1.28,11.74,53.26,-0.33,-0.45,0,0,0,0,1.3,0;10.57,17.26,-25.79,-0,0.9,-0.01,-1.28,11.74,53.26,-0.33,-0.45,0,0,0,0,1.3,0;10.58,17.13,-25.87,-0,0.86,-0,-1.28,11.74,53.26,-0.33,-0.45,0,0,0,0,1.31,0;10.59,17,-25.96,-0,0.82,-0,-1.28,11.74,53.26,-0.33,-0.45,0,0,0,0,1.32,0;10.59,16.84,-26.06,-0.01,0.77,-0,-1.28,11.74,53.26,-0.33,-0.45,0,0,0,0,1.33,0;10.6,16.69,-26.15,-0.01,0.73,0,-1.28,11.74,53.26,-0.33,-0.45,0,0,0,0,1.33,0;10.61,16.55,-26.24,-0.01,0.69,0,-1.28,11.74,53.26,-0.33,-0.45,0,0,0,0,1.34,0;10.63,16.16,-26.45,-0.01,0.61,0,-1.28,11.74,53.26,-0.33,-0.45,0,0,0,0,1.35,0;10.64,15.78,-26.64,-0.01,0.54,0,-1.28,11.74,53.26,-0.33,-0.45,0,0,0,0,1.35,0;10.66,15.41,-26.81,-0.01,0.48,0,-1.28,11.74,53.26,-0.33,-0.45,0,0,0,0,1.37,0;10.67,14.99,-27,-0,0.43,0,-1.28,11.74,53.26,-0.33,-0.45,0,0,0,0,1.38,0;10.69,14.47,-27.21,-0,0.38,0.01,-1.28,11.74,53.26,-0.33,-0.45,0,0,0,0,1.39,0;10.7,14.12,-27.34,-0,0.34,0.01,-1.28,11.74,53.26,-0.33,-0.45,0,0,0,0,1.4,0;10.71,13.73,-27.5,-0,0.31,0.01,-1.28,11.74,53.26,-0.33,-0.45,0,0,0,0,1.41,0;10.72,13.17,-27.7,-0,0.27,0.01,-1.28,11.74,53.26,-0.33,-0.45,0,0,0,0,1.42,0;10.74,12.6,-27.89,0,0.23,0.01,-1.28,11.74,53.26,-0.33,-0.45,0,0,0,0,1.44,0;10.74,12.24,-28.01,0,0.22,0.01,-1.28,11.74,53.26,-0.33,-0.45,0,0,0,0,1.44,0;10.75,11.86,-28.13,0,0.2,0.01,-1.28,11.74,53.26,-0.33,-0.45,0,0,0,0,1.45,0;10.76,11.43,-28.32,0,0.18,0.01,-1.28,11.74,53.26,-0.33,-0.45,0,0,0,0,1.46,0;10.77,11.29,-28.65,0.01,0.14,-0,-1.28,11.74,53.26,-0.33,-0.45,0,0,0,0,1.48,0;10.77,11.34,-28.87,0.01,0.74,-0,-1.28,11.74,53.26,-0.33,-0.45,0,0,0,0,1.5,0;10.77,11.38,-29,0.01,1.31,-0,-1.28,11.74,53.26,-0.33,-0.45,0,0,0,0,1.51,0;10.77,11.4,-29.09,0.01,1.6,-0.01,-1.28,11.74,53.26,-0.33,-0.45,0,0,0,0,1.51,0;10.75,11.45,-29.49,0.01,1.61,-0.01,-1.28,11.74,53.26,-0.33,-0.45,0,0,0,0,1.54,0;10.73,11.48,-29.89,0.01,1.62,0,-1.28,11.74,53.26,-0.33,-0.45,0,0,0,0,1.57,0;10.72,11.49,-30.36,-0.01,1.62,0.01,-1.28,11.74,53.26,-0.33,-0.45,0,0,0,0,1.6,0;10.69,11.49,-30.74,-0.01,1.62,0.01,-1.28,11.74,53.26,-0.33,-0.45,0,0,0,0,1.62,0;10.67,11.49,-31.16,-0.01,1.62,0.01,-1.28,11.74,53.26,-0.33,-0.45,0,0,0,0,1.64,0;10.66,11.45,-31.59,-0.01,1.62,0,-1.28,11.74,53.26,-0.33,-0.45,0,0,0,0,1.67,0;10.63,11.29,-32,0,1.62,-0.01,-1.28,11.74,53.26,-0.33,-0.45,0,0,0,0,1.69,0;10.61,11.03,-32.39,0.01,1.62,-0.01,-1.28,11.74,53.26,-0.33,-0.45,0,0,0,0,1.72,0;10.6,10.79,-32.67,0.01,1.62,-0.01,-1.28,11.74,53.26,-0.33,-0.45,0,0,0,0,1.74,0;10.59,11.18,-32.92,0.01,1.59,-0.01,-1.28,11.74,53.26,-0.33,-0.45,0,0,0,0,1.76,0;10.59,11.48,-33.05,0,1.56,-0.01,-1.28,11.74,53.26,-0.33,-0.45,0,0,0,0,1.76,0;10.57,12.11,-33.26,0,1.47,-0,-1.28,11.74,53.26,-0.33,-0.45,0,0,0,0,1.77,0;10.57,12.36,-33.34,0,1.43,-0.01,-1.28,11.74,53.26,-0.33,-0.45,0,0,0,0,1.78,0;10.56,12.59,-33.42,0,1.39,-0.01,-1.28,11.74,53.26,-0.33,-0.45,0,0,0,0,1.78,0;10.56,12.83,-33.5,0,1.35,-0,-1.28,11.74,53.26,-0.33,-0.45,0,0,0,0,1.79,0;10.56,13.13,-33.61,0,1.29,-0,-1.28,11.74,53.26,-0.33,-0.45,0,0,0,0,1.8,0;10.55,13.37,-33.71,-0,1.25,0,-1.28,11.74,53.26,-0.33,-0.45,0,0,0,0,1.8,0;10.55,13.59,-33.79,-0,1.2,0,-1.28,11.74,53.26,-0.33,-0.45,0,0,0,0,1.81,0;10.55,13.88,-33.91,-0,1.14,0.01,-1.28,11.74,53.26,-0.33,-0.45,0,0,0,0,1.82,0;10.54,14.2,-34.04,-0,1.07,0.01,-1.28,11.74,53.26,-0.33,-0.45,0,0,0,0,1.83,0;10.54,14.45,-34.14,-0,1.02,0.01,-1.28,11.74,53.26,-0.33,-0.45,0,0,0,0,1.83,0;10.54,14.65,-34.24,-0,0.98,0.01,-1.28,11.74,53.26,-0.33,-0.45,0,0,0,0,1.84,0;10.53,14.84,-34.32,-0,0.94,0.01,-1.28,11.74,53.26,-0.33,-0.45,0,0,0,0,1.85,0;10.53,15.14,-34.46,-0,0.87,0.01,-1.28,11.74,53.26,-0.33,-0.45,0,0,0,0,1.85,0;10.51,15.55,-34.67,-0,0.78,0.01,-1.28,11.74,53.26,-0.33,-0.45,0,0,0,0,1.86,0;10.51,15.79,-34.79,-0,0.73,0.01,-1.28,11.74,53.26,-0.33,-0.45,0,0,0,0,1.87,0;10.5,15.97,-34.9,-0,0.7,0.01,-1.28,11.74,53.26,-0.33,-0.45,0,0,0,0,1.87,0;10.5,16.27,-35.08,-0,0.64,0.01,-1.28,11.74,53.26,-0.33,-0.45,0,0,0,0,1.89,0;10.49,16.41,-35.18,-0,0.61,0.01,-1.28,11.74,53.26,-0.33,-0.45,0,0,0,0,1.89,0;10.49,16.7,-35.38,0,0.55,0.01,-1.28,11.74,53.26,-0.33,-0.45,0,0,0,0,1.91,0;10.48,16.88,-35.51,0,0.51,0.01,-1.28,11.74,53.26,-0.33,-0.45,0,0,0,0,1.92,0;10.48,17.1,-35.7,0,0.47,0.01,-1.28,11.74,53.26,-0.33,-0.45,0,0,0,0,1.93,0;10.47,17.29,-35.89,0,0.42,0.01,-1.28,11.74,53.26,-0.33,-0.45,0,0,0,0,1.94,0;10.46,17.46,-36.07,0,0.39,0.01,-1.28,11.74,53.26,-0.33,-0.45,0,0,0,0,1.96,0;10.45,17.59,-36.26,0,0.35,0,-1.28,11.74,53.26,-0.33,-0.45,0,0,0,0,1.96,0;10.44,17.72,-36.46,-0,0.32,-0.01,-1.28,11.74,53.26,-0.33,-0.45,0,0,0,0,1.97,0;10.43,17.84,-36.73,-0,0.29,-0.01,-1.28,11.74,53.26,-0.33,-0.45,0,0,0,0,1.99,0;10.42,17.88,-36.96,-0,0.26,-0.01,-1.28,11.74,53.26,-0.33,-0.45,0,0,0,0,2.01,0;10.41,17.89,-37.26,-0,0.22,-0.01,-1.28,11.74,53.26,-0.33,-0.45,0,0,0,0,2.03,0;10.39,17.77,-37.71,-0,0.19,-0.01,-1.28,11.74,53.26,-0.33,-0.45,0,0,0,0,2.05,0;10.38,17.6,-38.03,-0,0.16,-0.01,-1.28,11.74,53.26,-0.33,-0.45,0,0,0,0,2.07,0;10.37,17.38,-38.31,-0,0.15,-0.01,-1.28,11.74,53.26,-0.33,-0.45,0,0,0,0,2.09,0;10.36,17.07,-38.61,-0,0.13,-0,-1.28,11.74,53.26,-0.33,-0.45,0,0,0,0,2.11,0;10.33,16.85,-38.87,-0,0.08,-0,-1.28,11.74,53.26,-0.33,-0.45,0,0,0,0,2.13,0;10.31,16.83,-38.93,-0,0.05,-0.01,-1.28,11.74,53.26,-0.33,-0.45,0,0,0,0,2.14,0;10.27,17.02,-38.97,-0,0.02,-0.01,-1.28,11.74,53.26,-0.33,-0.45,0,0,0,0,2.16,0;10.24,17.44,-39.01,-0,0.9,0,-1.28,11.74,53.26,-0.33,-0.45,0,0,0,0,2.17,0;10.21,17.99,-39.09,-0.01,2.01,0,-1.28,11.74,53.26,-0.33,-0.45,0,0,0,0,2.17,0;10.17,18.22,-39.17,-0,2.11,0,-1.28,11.74,53.26,-0.33,-0.45,0,0,0,0,2.18,0;10.13,18.46,-39.25,-0,2.2,0,-1.28,11.74,53.26,-0.33,-0.45,0,0,0,0,2.19,0;10.07,18.67,-39.34,0,2.3,-0,-1.28,11.74,53.26,-0.33,-0.45,0,0,0,0,2.19,0;10.01,18.8,-39.4,0,2.36,-0,-1.28,11.74,53.26,-0.33,-0.45,0,0,0,0,2.2,0;9.93,18.98,-39.49,0.01,2.45,-0.01,-1.28,11.74,53.26,-0.33,-0.45,0,0,0,0,2.21,0;9.85,19.21,-39.57,0.01,2.52,-0.01,-1.28,11.74,53.26,-0.33,-0.45,0,0,0,0,2.21,0;9.78,19.43,-39.62,0.01,2.56,-0.01,-1.28,11.74,53.26,-0.33,-0.45,0,0,0,0,2.22,0;9.71,19.68,-39.68,0.01,2.61,-0.01,-1.28,11.74,53.26,-0.33,-0.45,0,0,0,0,2.23,0;9.63,20,-39.74,0.01,2.64,-0.01,-1.28,11.74,53.26,-0.33,-0.45,0,0,0,0,2.23,0;9.48,20.54,-39.83,0,2.66,-0.01,-1.28,11.74,53.26,-0.33,-0.45,0,0,0,0,2.25,0;9.33,21.06,-39.92,-0,2.69,-0.01,-1.28,11.74,53.26,-0.33,-0.45,0,0,0,0,2.26,0;9.18,21.53,-39.99,-0,2.7,-0.01,-1.28,11.74,53.26,-0.33,-0.45,0,0,0,0,2.26,0;8.97,22.13,-40.07,-0,2.68,-0.01,-1.28,11.74,53.26,-0.33,-0.45,0,0,0,0,2.28,0;8.8,22.62,-40.15,-0,2.69,-0,-1.28,11.74,53.26,-0.33,-0.45,0,0,0,0,2.29,0;8.61,23.12,-40.23,0,2.72,-0,-1.28,11.74,53.26,-0.33,-0.45,0,0,0,0,2.3,0;8.4,23.6,-40.31,0.01,2.72,-0,-1.28,11.74,53.26,-0.33,-0.45,0,0,0,0,2.32,0;8.22,24.01,-40.39,0.01,2.73,-0,-1.28,11.74,53.26,-0.33,-0.45,0,0,0,0,2.33,0;8.02,24.43,-40.47,0.01,2.72,-0.01,-1.28,11.74,53.26,-0.33,-0.45,0,0,0,0,2.35,0;7.82,24.8,-40.54,0.01,2.7,-0.01,-1.28,11.74,53.26,-0.33,-0.45,0,0,0,0,2.36,0;7.65,25.1,-40.61,0,2.71,-0.01,-1.28,11.74,53.26,-0.33,-0.45,0,0,0,0,2.37,0;7.44,25.42,-40.7,-0,2.73,-0.01,-1.28,11.74,53.26,-0.33,-0.45,0,0,0,0,2.38,0;7.18,25.78,-40.8,-0,2.73,-0.01,-1.28,11.74,53.26,-0.33,-0.45,0,0,0,0,2.4,0;6.87,26.1,-40.93,-0,2.73,-0,-1.28,11.74,53.26,-0.33,-0.45,0,0,0,0,2.42,0;6.59,26.33,-41.04,-0,2.75,0,-1.28,11.74,53.26,-0.33,-0.45,0,0,0,0,2.44,0;6.3,26.5,-41.15,-0,2.75,0,-1.28,11.74,53.26,-0.33,-0.45,0,0,0,0,2.46,0;5.87,26.61,-41.29,0.01,2.77,-0,-1.28,11.74,53.26,-0.33,-0.45,0,0,0,0,2.48,0;5.48,26.58,-41.42,0.01,2.78,-0,-1.28,11.74,53.26,-0.33,-0.45,0,0,0,0,2.51,0;5.16,26.45,-41.52,0.01,2.8,-0,-1.28,11.74,53.26,-0.33,-0.45,0,0,0,0,2.53,0;4.74,26.15,-41.65,0.01,2.79,-0.01,-1.28,11.74,53.26,-0.33,-0.45,0,0,0,0,2.55,0;4.56,25.98,-41.7,0.01,2.83,-0.01,-1.28,11.74,53.26,-0.33,-0.45,0,0,0,0,2.57,0;4.3,25.69,-41.77,0.01,2.85,-0.01,-1.28,11.74,53.26,-0.33,-0.45,0,0,0,0,2.59,0;4.08,25.39,-41.83,0.01,2.85,-0.01,-1.28,11.74,53.26,-0.33,-0.45,0,0,0,0,2.6,0;3.88,25.09,-41.88,0.01,2.87,-0.01,-1.28,11.74,53.26,-0.33,-0.45,0,0,0,0,2.62,0;3.69,24.79,-41.92,-0,2.92,-0.01,-1.28,11.74,53.26,-0.33,-0.45,0,0,0,0,2.63,0;3.52,24.47,-41.96,-0,2.93,-0.01,-1.28,11.74,53.26,-0.33,-0.45,0,0,0,0,2.64,0;3.2,23.84,-42.02,-0,2.94,-0.01,-1.28,11.74,53.26,-0.33,-0.45,0,0,0,0,2.66,0;3.05,23.53,-42.04,-0,2.95,-0.01,-1.28,11.74,53.26,-0.33,-0.45,0,0,0,0,2.67,0;2.87,23.13,-42.07,-0,2.99,-0.01,-1.28,11.74,53.26,-0.33,-0.45,0,0,0,0,2.68,0;2.68,22.68,-42.09,-0,3.01,-0.01,-1.28,11.74,53.26,-0.33,-0.45,0,0,0,0,2.69,0;2.47,22.13,-42.11,-0,3.03,-0.01,-1.28,11.74,53.26,-0.33,-0.45,0,0,0,0,2.71,0;2.33,21.76,-42.11,-0,3.03,-0,-1.28,11.74,53.26,-0.33,-0.45,0,0,0,0,2.72,0;2.13,21.21,-42.12,-0,3.07,0,-1.28,11.74,53.26,-0.33,-0.45,0,0,0,0,2.73,0;1.95,20.65,-42.13,-0,3.11,0,-1.28,11.74,53.26,-0.33,-0.45,0,0,0,0,2.74,0;1.72,19.94,-42.13,-0,3.1,0,-1.28,11.74,53.26,-0.33,-0.45,0,0,0,0,2.75,0;1.59,19.51,-42.13,-0,3.11,0,-1.28,11.74,53.26,-0.33,-0.45,0,0,0,0,2.76,0;1.49,19.17,-42.12,-0,3.13,0,-1.28,11.74,53.26,-0.33,-0.45,0,0,0,0,2.76,0;1.3,18.55,-42.12,-0,-3.14,0,-1.28,11.74,53.26,-0.33,-0.45,0,0,0,0,2.78,0;1.11,17.88,-42.11,-0,-3.14,0,-1.28,11.74,53.26,-0.33,-0.45,0,0,0,0,2.79,0;0.94,17.28,-42.12,-0,-3.14,0,-1.28,11.74,53.26,-0.33,-0.45,0,0,0,0,2.8,0;0.74,17.16,-42.55,0,3.11,-0,-1.28,11.74,53.26,-0.33,-0.45,0,0,0,0,2.82,0;0.64,17.3,-42.92,0.01,3.08,-0,-1.28,11.74,53.26,-0.33,-0.45,0,0,0,0,2.83,0;0.52,17.45,-43.33,0.01,3.04,-0,-1.28,11.74,53.26,-0.33,-0.45,0,0,0,0,2.83,0;0.45,17.53,-43.59,0.01,3.01,-0,-1.28,11.74,53.26,-0.33,-0.45,0,0,0,0,2.84,0;0.36,17.63,-43.88,0.01,2.97,-0,-1.28,11.74,53.26,-0.33,-0.45,0,0,0,0,2.85,0;0.25,17.73,-44.24,0.01,2.9,-0,-1.28,11.74,53.26,-0.33,-0.45,0,0,0,0,2.85,0;0.09,17.87,-44.78,0.01,2.75,-0.01,-1.28,11.74,53.26,-0.33,-0.45,0,0,0,0,2.86,0;-0.03,17.96,-45.18,0.01,2.61,-0.01,-1.28,11.74,53.26,-0.33,-0.45,0,0,0,0,2.87,0;-0.12,18.02,-45.49,0.01,2.48,-0.01,-1.28,11.74,53.26,-0.33,-0.45,0,0,0,0,2.87,0;-0.22,18.09,-45.81,0.01,2.35,-0.01,-1.28,11.74,53.26,-0.33,-0.45,0,0,0,0,2.88,0;-0.3,18.13,-46.1,0,2.2,-0.01,-1.28,11.74,53.26,-0.33,-0.45,0,0,0,0,2.89,0;-0.36,18.16,-46.29,0,2.1,-0.01,-1.28,11.74,53.26,-0.33,-0.45,0,0,0,0,2.89,0;-0.44,18.19,-46.59,-0,1.95,-0,-1.28,11.74,53.26,-0.33,-0.45,0,0,0,0,2.9,0;-0.53,18.21,-46.89,-0,1.82,-0,-1.28,11.74,53.26,-0.33,-0.45,0,0,0,0,2.91,0;-0.61,18.22,-47.17,-0,1.7,-0,-1.28,11.74,53.26,-0.33,-0.45,0,0,0,0,2.92,0;-0.69,18.23,-47.45,-0.01,1.58,-0.01,-1.28,11.74,53.26,-0.33,-0.45,0,0,0,0,2.92,0;-0.73,18.22,-47.64,-0.01,1.54,-0,-1.28,11.74,53.26,-0.33,-0.45,0,0,0,0,2.93,0;-0.79,18.21,-47.88,-0.01,1.49,-0,-1.28,11.74,53.26,-0.33,-0.45,0,0,0,0,2.94,0;-0.87,18.17,-48.22,-0.01,1.45,-0,-1.28,11.74,53.26,-0.33,-0.45,0,0,0,0,2.94,0;-1,18.08,-48.8,-0.01,1.42,-0,-1.28,11.74,53.26,-0.33,-0.45,0,0,0,0,2.95,0;-1.08,17.97,-49.18,-0.01,1.45,-0,-1.28,11.74,53.26,-0.33,-0.45,0,0,0,0,2.97,0;-1.16,17.89,-49.58,-0.01,1.48,-0,-1.28,11.74,53.26,-0.33,-0.45,0,0,0,0,2.98,0;-1.23,18.07,-50.02,-0.01,1.51,-0,-1.28,11.74,53.26,-0.33,-0.45,0,0,0,0,3,0;-1.24,18.46,-50.27,-0.01,1.52,0,-1.28,11.74,53.26,-0.33,-0.45,0,0,0,0,3.01,0;-1.23,18.85,-50.51,-0.01,1.52,0,-1.28,11.74,53.26,-0.33,-0.45,0,0,0,0,3.03,0;-1.22,19.15,-50.69,-0,1.52,0.01,-1.28,11.74,53.26,-0.33,-0.45,0,0,0,0,3.04,0;-1.21,19.8,-50.97,-0,1.5,0.01,-1.28,11.74,53.26,-0.33,-0.45,0,0,0,0,3.05,0;-1.2,20.48,-51.18,-0,1.47,0.01,-1.28,11.74,53.26,-0.33,-0.45,0,0,0,0,3.06,0;-1.18,21.03,-51.37,-0,1.48,0.01,-1.28,11.74,53.26,-0.33,-0.45,0,0,0,0,3.07,0;-1.17,21.61,-51.57,-0,1.48,0,-1.28,11.74,53.26,-0.33,-0.45,0,0,0,0,3.09,0;-1.16,21.96,-51.7,0,1.47,0,-1.28,11.74,53.26,-0.33,-0.45,0,0,0,0,3.1,0;-1.16,22.47,-51.89,0,1.46,0,-1.28,11.74,53.26,-0.33,-0.45,0,0,0,0,3.11,0;-1.15,22.92,-52.07,0,1.46,0,-1.28,11.74,53.26,-0.33,-0.45,0,0,0,0,3.12,0;-1.13,23.34,-52.26,0,1.47,0,-1.28,11.74,53.26,-0.33,-0.45,0,0,0,0,3.14,0;-1.13,23.66,-52.4,0,1.47,0,-1.28,11.74,53.26,-0.33,-0.45,0,0,0,0,3.14,0;-1.12,24.04,-52.58,0,1.47,0,-1.28,11.74,53.26,-0.33,-0.45,0,0,0,0,3.15,0;-1.09,24.56,-52.86,0,1.47,-0,-1.28,11.74,53.26,-0.33,-0.45,0,0,0,0,3.17,0;-1.08,24.96,-53.1,0,1.48,-0.01,-1.28,11.74,53.26,-0.33,-0.45,0,0,0,0,3.19,0;-1.06,25.39,-53.38,0,1.49,-0.01,-1.28,11.74,53.26,-0.33,-0.45,0,0,0,0,3.21,0;-1.04,25.8,-53.71,0,1.46,-0,-1.28,11.74,53.26,-0.33,-0.45,0,0,0,0,3.23,0;-1.03,26.1,-54,0,1.48,-0.01,-1.28,11.74,53.26,-0.33,-0.45,0,0,0,0,3.25,0;-1.01,26.36,-54.32,-0.01,1.49,-0,-1.28,11.74,53.26,-0.33,-0.45,0,0,0,0,3.26,0;-0.99,26.53,-54.66,-0,1.47,-0,-1.28,11.74,53.26,-0.33,-0.45,0,0,0,0,3.28,0;-0.97,26.63,-55.09,-0.01,1.47,-0,-1.28,11.74,53.26,-0.33,-0.45,0,0,0,0,3.31,0;-0.95,26.6,-55.47,-0.01,1.5,-0,-1.28,11.74,53.26,-0.33,-0.45,0,0,0,0,3.34,0;-0.93,26.46,-55.86,-0,1.48,0.01,-1.28,11.74,53.26,-0.33,-0.45,0,0,0,0,3.35,0;-0.93,26.35,-56.05,-0,1.53,0.01,-1.28,11.74,53.26,-0.33,-0.45,0,0,0,0,3.37,0;-0.92,26.03,-56.44,-0,1.56,0.01,-1.28,11.74,53.26,-0.33,-0.45,0,0,0,0,3.39,0;-0.92,25.68,-56.77,-0,1.57,0.01,-1.28,11.74,53.26,-0.33,-0.45,0,0,0,0,3.41,0;-0.91,25.43,-57.12,0.01,1.57,0,-1.28,11.74,53.26,-0.33,-0.45,0,0,0,0,3.44,0;-0.91,25.45,-57.55,0.01,1.57,-0,-1.28,11.74,53.26,-0.33,-0.45,0,0,0,0,3.46,0;-0.91,25.47,-58.03,0,1.57,-0.01,-1.28,11.74,53.26,-0.33,-0.45,0,0,0,0,3.5,0;-0.9,25.49,-58.46,0,1.57,-0.01,-1.28,11.74,53.26,-0.33,-0.45,0,0,0,0,3.52,0;-0.9,25.49,-58.83,-0.01,1.57,-0,-1.28,11.74,53.26,-0.33,-0.45,0,0,0,0,3.54,0;-0.9,25.49,-59.19,-0.01,1.57,-0,-1.28,11.74,53.26,-0.33,-0.45,0,0,0,0,3.57,0;-0.9,25.5,-59.62,-0.01,1.57,0,-1.28,11.74,53.26,-0.33,-0.45,0,0,0,0,3.6,0;-0.9,25.5,-60.03,-0,1.57,0.01,-1.28,11.74,53.26,-0.33,-0.45,0,0,0,0,3.62,0;-0.9,25.5,-60.48,-0,1.57,0.01,-1.28,11.74,53.26,-0.33,-0.45,0,0,0,0,3.64,0;-0.9,25.5,-60.86,-0,1.57,0.01,-1.28,11.74,53.26,-0.33,-0.45,0,0,0,0,3.67,0;-0.9,25.5,-61.28,0.01,1.57,0,-1.28,11.74,53.26,-0.33,-0.45,0,0,0,0,3.7,0;-0.9,25.5,-61.69,0,1.57,-0.01,-1.28,11.74,53.26,-0.33,-0.45,0,0,0,0,3.72,0;-0.9,25.5,-62.15,0,1.57,-0.01,-1.28,11.74,53.26,-0.33,-0.45,0,0,0,0,3.75,0;-0.9,25.5,-62.5,0,1.57,-0.01,-1.28,11.74,53.26,-0.33,-0.45,0,0,0,0,3.78,0;-0.89,25.5,-62.94,0,1.57,-0.01,-1.28,11.74,53.26,-0.33,-0.45,0,0,0,0,3.8,0;-0.89,25.5,-63.45,-0.01,1.57,-0,-1.28,11.74,53.26,-0.33,-0.45,0,0,0,0,3.83,0;-0.89,25.49,-63.87,-0.01,1.57,-0,-1.28,11.74,53.26,-0.33,-0.45,0,0,0,0,3.86,0;-0.89,25.49,-64.25,-0.01,1.56,-0,-1.28,11.74,53.26,-0.33,-0.45,0,0,0,0,3.89,0;-0.88,25.49,-64.58,-0.01,1.51,-0,-1.28,11.74,53.26,-0.33,-0.45,0,0,0,0,3.91,0;-0.87,25.49,-64.77,-0.01,1.46,-0,-1.28,11.74,53.26,-0.33,-0.45,0,0,0,0,3.92,0;-0.86,25.49,-64.91,-0,1.42,-0,-1.28,11.74,53.26,-0.33,-0.45,0,0,0,0,3.92,0;-0.84,25.49,-65,-0,1.37,-0,-1.28,11.74,53.26,-0.33,-0.45,0,0,0,0,3.93,0;-0.83,25.49,-65.1,0,1.33,-0,-1.28,11.74,53.26,-0.33,-0.45,0,0,0,0,3.94,0;-0.81,25.49,-65.19,0,1.29,-0,-1.28,11.74,53.26,-0.33,-0.45,0,0,0,0,3.94,0;-0.77,25.49,-65.32,0.01,1.21,-0,-1.28,11.74,53.26,-0.33,-0.45,0,0,0,0,3.95,0;-0.74,25.49,-65.42,0.01,1.16,-0,-1.28,11.74,53.26,-0.33,-0.45,0,0,0,0,3.96,0;-0.71,25.48,-65.52,0.01,1.1,-0,-1.28,11.74,53.26,-0.33,-0.45,0,0,0,0,3.96,0;-0.69,25.47,-65.6,0.01,1.06,-0,-1.28,11.74,53.26,-0.33,-0.45,0,0,0,0,3.97,0;-0.66,25.46,-65.69,0.01,1.02,-0,-1.28,11.74,53.26,-0.33,-0.45,0,0,0,0,3.98,0;-0.66,25.46,-65.8,0.01,0.98,-0,-1.28,11.74,53.26,-0.33,-0.45,0,0,0,0,3.98,0;-0.69,25.47,-66.02,0.01,0.93,-0,-1.28,11.74,53.26,-0.33,-0.45,0,0,0,0,4,0;-0.74,25.48,-66.41,0.01,0.91,-0,-1.28,11.74,53.26,-0.33,-0.45,0,0,0,0,4.02,0
);
);

stage172(
{
CreatorID="4369801857",

ExtentsSize={56.00,91.00,48.00}
}
traj1(
7.44,9.54,-5.69,-0,1.14,0,3.02,9.03,50.17,-0.25,-0.33,0,0,0,0,0.01,0;7.45,9.16,-5.96,-0,1.14,0,3.02,9.03,50.17,-0.25,-0.33,0,0,0,0,0.03,0;7.45,8.74,-6.22,-0,1.14,0,3.02,9.03,50.17,-0.25,-0.33,0,0,0,0,0.05,0;7.45,8.25,-6.46,-0,1.14,0,3.02,9.03,50.17,-0.25,-0.33,0,0,0,0,0.06,0;7.46,7.77,-6.7,-0,1.14,0,3.02,9.03,50.17,-0.25,-0.33,0,0,0,0,0.08,0;7.47,7.33,-6.91,-0,1.09,0,3.02,9.03,50.17,-0.25,-0.33,0,0,0,0,0.09,0;7.48,7.14,-7,-0,1.06,0,3.02,9.03,50.17,-0.25,-0.33,0,0,0,0,0.1,0;7.51,6.86,-7.1,-0,1,0,3.02,9.03,50.17,-0.25,-0.33,0,0,0,0,0.1,0;7.56,6.56,-7.21,-0,0.92,0,3.02,9.03,50.17,-0.25,-0.33,0,0,0,0,0.11,0;7.61,6.25,-7.32,-0,0.85,0,3.02,9.03,50.17,-0.25,-0.33,0,0,0,0,0.12,0;7.67,5.91,-7.45,-0,0.77,0,3.02,9.03,50.17,-0.25,-0.33,0,0,0,0,0.12,0;7.72,5.77,-7.52,-0,0.72,0,3.02,9.03,50.17,-0.25,-0.33,0,0,0,0,0.13,0;7.86,5.75,-7.64,-0,0.66,0,3.02,9.03,50.17,-0.25,-0.33,0,0,0,0,0.14,0;8.06,6.02,-7.78,-0,0.67,0,3.02,9.03,50.17,-0.25,-0.33,0,0,0,0,0.16,0;8.31,6.4,-7.93,-0,0.69,0,3.02,9.03,50.17,-0.25,-0.33,0,0,0,0,0.17,0;8.53,6.99,-8.06,-0,0.71,0,3.19,9.33,50.14,-0.27,-0.32,0,0,0,0,0.19,0;8.66,7.43,-8.13,-0,0.72,0,3.3,9.52,50.12,-0.28,-0.31,0,0,0,0,0.19,0;8.86,8.11,-8.23,-0,0.74,0,3.36,9.71,50.08,-0.3,-0.31,0,0,0,0,0.21,0;9.03,8.65,-8.33,-0,0.75,0,3.37,9.78,50.06,-0.3,-0.31,0,0,0,0,0.22,0;9.21,9.17,-8.42,-0,0.76,0,3.37,9.86,50.04,-0.31,-0.31,0,0,0,0,0.24,0;9.33,9.5,-8.49,-0,0.77,0,3.39,10,49.99,-0.32,-0.31,0,0,0,0,0.24,0;9.54,10.06,-8.6,-0,0.78,0,3.41,10.26,49.91,-0.33,-0.31,0,0,0,0,0.26,0;9.71,10.51,-8.7,-0,0.78,0,3.41,10.63,49.77,-0.36,-0.31,0,0,0,0,0.27,0;9.88,10.9,-8.79,-0,0.79,0,3.34,10.81,49.67,-0.37,-0.32,0,0,0,0,0.28,0;10.04,11.26,-8.88,-0,0.8,0,3.36,10.97,49.33,-0.39,-0.33,0,0,0,0,0.3,0;10.14,11.44,-8.95,-0,0.83,0,3.33,11.06,49.12,-0.4,-0.33,0,0,0,0,0.3,0;10.23,11.62,-9.01,-0,0.87,0,3.33,11.13,48.99,-0.4,-0.34,0,0,0,0,0.31,0;10.33,11.81,-9.08,-0,0.9,0,3.28,11.25,48.85,-0.41,-0.34,0,0,0,0,0.32,0;10.45,12.04,-9.17,-0,0.95,0,3.22,11.34,48.76,-0.42,-0.35,0,0,0,0,0.33,0;10.52,12.17,-9.22,-0,0.99,0,3.22,11.34,48.76,-0.42,-0.35,0,0,0,0,0.33,0;10.58,12.28,-9.28,-0,1.05,0,3.13,11.47,48.75,-0.43,-0.36,0,0,0,0,0.34,0;10.66,12.43,-9.36,-0,1.12,0,3.01,11.66,48.94,-0.43,-0.36,0,0,0,0,0.35,0;10.71,12.53,-9.43,-0,1.18,0,2.89,11.84,49.12,-0.44,-0.36,0,0,0,0,0.35,0;10.77,12.65,-9.54,-0,1.27,0,2.78,11.99,49.42,-0.44,-0.36,0,0,0,0,0.36,0;10.84,12.77,-9.64,-0,1.35,0,2.58,12.18,49.68,-0.44,-0.37,0,0,0,0,0.37,0;10.9,12.9,-9.74,-0,1.44,0,2.46,12.34,49.99,-0.44,-0.37,0,0,0,0,0.37,0;10.95,13,-9.84,-0,1.49,0,2.34,12.49,50.29,-0.44,-0.37,0,0,0,0,0.38,0;11.04,13.22,-10.16,-0,1.52,0,1.82,13.18,51.66,-0.44,-0.37,0,0,0,0,0.4,0;11.05,13.35,-10.56,-0,1.51,0,0.83,14.47,54.21,-0.44,-0.37,0,0,0,0,0.44,0;10.94,13.32,-10.93,-0,1.51,0,0.19,15.3,55.88,-0.44,-0.37,0,0,0,0,0.47,0;10.79,13.15,-11.25,-0,1.49,0,-0.06,15.63,56.54,-0.44,-0.37,0,0,0,0,0.49,0;10.75,12.99,-11.45,-0,1.43,0,-0.17,15.77,56.81,-0.44,-0.37,0,0,0,0,0.51,0;10.76,12.87,-11.57,-0,1.36,0,-0.21,15.83,56.93,-0.44,-0.37,0,0,0,0,0.51,0;10.76,12.78,-11.66,-0,1.31,0,-0.25,15.88,57.03,-0.44,-0.37,0,0,0,0,0.52,0;10.76,12.66,-11.78,-0,1.24,0,-0.29,15.93,57.12,-0.44,-0.37,0,0,0,0,0.53,0;10.87,12.51,-11.85,-0,1.13,-0,-0.32,15.97,57.2,-0.44,-0.37,0,0,0,0,0.53,0;10.96,12.4,-11.89,-0,1.04,-0,-0.34,16,57.26,-0.44,-0.37,0,0,0,0,0.54,0;11.08,12.25,-11.95,-0,0.94,-0,-0.36,16.02,57.31,-0.44,-0.37,0,0,0,0,0.55,0;11.2,12.1,-12.02,-0,0.82,-0.01,-0.38,16.05,57.37,-0.44,-0.37,0,0,0,0,0.56,0;11.31,12.17,-12.07,-0,0.7,-0,-0.4,16.07,57.41,-0.44,-0.37,0,0,0,0,0.56,0;11.4,12.51,-12.12,0,0.6,0,-0.41,16.09,57.45,-0.44,-0.37,0,0,0,0,0.57,0;11.47,12.76,-12.16,0,0.51,0,-0.42,16.1,57.47,-0.44,-0.37,0,0,0,0,0.58,0;11.55,13.09,-12.21,0,0.41,0.01,-0.43,16.12,57.5,-0.44,-0.37,0,0,0,0,0.58,0;11.63,13.38,-12.25,0,0.32,0.01,-0.44,16.13,57.52,-0.44,-0.37,0,0,0,0,0.59,0;11.72,13.73,-12.3,0,0.21,0.01,-0.45,16.14,57.54,-0.44,-0.37,0,0,0,0,0.6,0;11.83,14.14,-12.36,0,0.5,0,-0.45,16.15,57.55,-0.44,-0.37,0,0,0,0,0.6,0;11.93,14.49,-12.41,0,0.78,0,-0.46,16.15,57.57,-0.44,-0.37,0,0,0,0,0.61,0;12.04,14.88,-12.46,0,1.1,0,-0.46,16.16,57.57,-0.44,-0.37,0,0,0,0,0.62,0;12.14,15.25,-12.51,0,1.4,0,-0.54,16.1,57.58,-0.44,-0.37,0,0,0,0,0.63,0;12.26,15.67,-12.56,-0,1.62,0,-0.55,16.11,57.59,-0.44,-0.37,0,0,0,0,0.63,0;12.4,16.18,-12.61,-0,1.62,0,-0.63,16.06,57.6,-0.43,-0.37,0,0,0,0,0.65,0;12.54,16.68,-12.65,-0,1.62,0,-0.73,15.89,57.65,-0.43,-0.38,0,0,0,0,0.66,0;12.68,17.23,-12.69,-0,1.62,0,-0.78,15.6,57.78,-0.41,-0.38,0,0,0,0,0.67,0;12.82,17.87,-12.72,-0,1.62,0,-1.05,15.25,57.84,-0.4,-0.39,0,0,0,0,0.69,0;12.94,18.43,-12.74,-0,1.62,0,-1.05,15.25,57.84,-0.4,-0.39,0,0,0,0,0.7,0;13.01,18.94,-12.74,-0,1.62,0,-1.08,15.08,57.91,-0.39,-0.39,0,0,0,0,0.71,0;13.08,19.49,-12.74,-0,1.62,0,-1.12,14.84,58.01,-0.38,-0.39,0,0,0,0,0.73,0;13.08,19.87,-12.72,-0,1.62,0,-1.14,14.72,58.05,-0.38,-0.39,0,0,0,0,0.74,0;13.07,20.25,-12.7,-0,1.62,0,-1.14,14.72,58.05,-0.38,-0.39,0,0,0,0,0.76,0;12.99,20.67,-12.65,-0,1.62,0,-1.23,14.61,58.07,-0.37,-0.39,0,0,0,0,0.78,0;12.84,21.1,-12.57,-0,1.62,0,-1.31,14.55,58.06,-0.37,-0.39,0,0,0,0,0.8,0;12.64,21.4,-12.48,-0,1.62,0,-1.31,14.55,58.06,-0.37,-0.39,0,0,0,0,0.83,0;12.49,21.76,-12.39,-0,1.62,0,-1.33,14.43,58.1,-0.37,-0.39,0,0,0,0,0.86,0;12.48,22.08,-12.38,-0,1.56,0,-1.33,14.37,58.12,-0.36,-0.39,0,0,0,0,0.89,0;12.48,22.15,-12.38,-0,1.52,0,-1.34,14.31,58.14,-0.36,-0.39,0,0,0,0,0.9,0;12.48,22.21,-12.38,-0,1.48,0,-1.34,14.31,58.14,-0.36,-0.39,0,0,0,0,0.9,0;12.48,22.29,-12.38,-0,1.43,0,-1.36,14.19,58.18,-0.36,-0.39,0,0,0,0,0.91,0;12.48,22.35,-12.38,-0,1.4,0,-1.36,14.19,58.18,-0.36,-0.39,0,0,0,0,0.92,0;12.48,22.63,-12.38,-0,1.47,0,-1.38,14.07,58.23,-0.35,-0.39,0,0,0,0,0.94,0;12.48,22.7,-12.38,-0,1.56,0,-1.6,14.01,58.37,-0.35,-0.4,0,0,0,0,0.94,0;12.48,22.76,-12.38,-0,1.65,0,-1.8,13.99,58.62,-0.34,-0.4,0,0,0,0,0.95,0;12.48,22.82,-12.38,-0,1.73,0,-1.96,14.13,59,-0.34,-0.4,0,0,0,0,0.96,0;12.48,22.9,-12.38,-0,1.83,0,-2.17,14.32,59.49,-0.34,-0.4,0,0,0,0,0.97,0;12.54,23,-12.47,-0,1.93,0,-2.38,14.52,60,-0.34,-0.4,0,0,0,0,0.97,0;12.63,23.13,-12.61,-0,2.01,0,-2.52,14.64,60.32,-0.34,-0.4,0,0,0,0,0.98,0;12.74,23.25,-12.77,-0,2.1,0,-2.7,14.81,60.75,-0.34,-0.4,0,0,0,0,0.99,0;12.84,23.39,-12.93,-0,2.2,0,-2.88,14.97,61.15,-0.34,-0.4,0,0,0,0,0.99,0;12.95,23.52,-13.09,-0,2.27,0,-3.09,15.17,61.66,-0.34,-0.4,0,0,0,0,1,0;13.17,23.77,-13.37,-0,2.22,0,-3.43,15.47,62.45,-0.34,-0.4,0,0,0,0,1.01,0;13.32,23.94,-13.56,-0,2.18,0,-3.71,15.73,63.12,-0.34,-0.4,0,0,0,0,1.01,0;13.53,24.18,-13.85,-0,2.13,0,-4.05,16.04,63.92,-0.34,-0.4,0,0,0,0,1.02,0;13.69,24.37,-14.06,-0,2.1,0,-4.4,16.35,64.73,-0.34,-0.4,0,0,0,0,1.03,0;13.84,24.52,-14.27,-0,2.03,0,-4.73,16.65,65.51,-0.34,-0.4,0,0,0,0,1.03,0;13.96,24.64,-14.43,-0,1.97,0,-4.96,16.87,66.07,-0.34,-0.4,0,0,0,0,1.04,0;14.07,24.76,-14.6,-0,1.91,0,-5.26,17.14,66.76,-0.34,-0.4,0,0,0,0,1.05,0;14.2,24.89,-14.78,-0,1.84,0,-5.57,17.42,67.48,-0.34,-0.4,0,0,0,0,1.06,0;14.31,25.01,-14.95,-0,1.78,0,-5.81,17.64,68.05,-0.34,-0.4,0,0,0,0,1.06,0;14.44,25.14,-15.14,-0,1.71,0,-6.02,17.83,68.56,-0.34,-0.4,0,0,0,0,1.07,0;14.56,25.24,-15.33,-0,1.66,0,-6.19,17.99,68.95,-0.34,-0.4,0,0,0,0,1.08,0;14.68,25.35,-15.53,-0,1.61,0,-6.39,18.17,69.42,-0.34,-0.4,0,0,0,0,1.08,0;14.79,25.45,-15.72,-0,1.57,0,-6.52,18.29,69.72,-0.34,-0.4,0,0,0,0,1.09,0;14.93,25.56,-15.93,-0,1.52,0,-6.66,18.41,70.04,-0.34,-0.4,0,0,0,0,1.1,0;15.17,25.72,-16.35,-0,1.48,0,-6.9,18.53,70.62,-0.34,-0.4,0,0,0,0,1.11,0;15.4,25.85,-16.77,-0,1.47,0,-7.07,18.57,71.01,-0.34,-0.4,0,0,0,0,1.12,0;15.57,25.91,-17.08,-0,1.45,0,-7.51,18.35,71.43,-0.33,-0.41,0,0,0,0,1.15,0;15.76,25.89,-17.46,-0,1.45,0,-7.67,18.16,71.78,-0.32,-0.41,0,0,0,0,1.17,0;15.94,25.81,-17.83,-0,1.45,0,-7.75,18.12,71.98,-0.32,-0.41,0,0,0,0,1.19,0;16.08,25.54,-18.24,-0,1.45,0,-7.83,17.97,72.16,-0.31,-0.41,0,0,0,0,1.21,0;16.14,25.27,-18.56,-0,1.45,0,-7.89,17.7,72.3,-0.31,-0.41,0,0,0,0,1.24,0;16.16,24.96,-18.84,-0,1.45,0,-7.9,17.71,72.33,-0.31,-0.41,0,0,0,0,1.26,0;16.17,24.45,-19.23,-0,1.47,0,-7.91,17.71,72.35,-0.31,-0.41,0,0,0,0,1.28,0;16.15,24.32,-19.68,-0,1.5,0,-7.92,17.72,72.36,-0.31,-0.41,0,0,0,0,1.3,0;16.12,24.36,-20.03,-0,1.51,0,-7.92,17.72,72.37,-0.31,-0.41,0,0,0,0,1.33,0;16.09,24.35,-20.31,-0,1.55,0,-7.92,17.72,72.37,-0.31,-0.41,0,0,0,0,1.35,0;16.08,24.31,-20.5,-0,1.6,0,-7.92,17.72,72.37,-0.31,-0.41,0,0,0,0,1.36,0;16.06,24.27,-20.76,-0,1.69,0,-7.92,17.72,72.37,-0.31,-0.41,0,0,0,0,1.37,0;16.06,24.27,-20.83,-0,1.72,0,-7.92,17.72,72.37,-0.31,-0.41,0,0,0,0,1.38,0;16.05,24.27,-20.97,-0,1.79,0,-7.92,17.72,72.37,-0.31,-0.41,0,0,0,0,1.39,0;16.04,24.26,-21.08,-0,1.83,0,-7.92,17.72,72.37,-0.31,-0.41,0,0,0,0,1.4,0;16.03,24.25,-21.19,-0,1.88,0,-7.92,17.72,72.37,-0.31,-0.41,0,0,0,0,1.4,0;16.01,24.23,-21.37,-0,1.93,0,-7.92,17.72,72.37,-0.31,-0.41,0,0,0,0,1.42,0;15.93,24.2,-21.71,-0,1.97,0,-7.92,17.72,72.37,-0.31,-0.41,0,0,0,0,1.44,0;15.8,24.11,-22.11,-0,1.99,0,-7.93,17.63,72.4,-0.3,-0.41,0,0,0,0,1.46,0;15.72,24.71,-22.36,-0,1.99,0,-7.95,17.53,72.43,-0.3,-0.41,0,0,0,0,1.48,0;15.65,25.38,-22.56,-0,1.98,0,-7.95,17.53,72.43,-0.3,-0.41,0,0,0,0,1.49,0;15.6,25.83,-22.7,-0,1.98,0,-7.97,17.33,72.49,-0.3,-0.41,0,0,0,0,1.5,0;15.54,26.35,-22.87,-0,1.98,0,-7.98,17.24,72.51,-0.29,-0.41,0,0,0,0,1.51,0;15.44,27.22,-23.16,-0,1.98,0,-7.98,17.24,72.51,-0.29,-0.41,0,0,0,0,1.53,0;15.37,27.82,-23.4,-0,1.98,0,-7.99,17.14,72.54,-0.29,-0.41,0,0,0,0,1.54,0;15.3,28.34,-23.61,-0,1.99,0,-8.01,17.04,72.57,-0.29,-0.41,0,0,0,0,1.56,0;15.23,28.82,-23.82,-0,2.01,0,-8.01,17.04,72.57,-0.29,-0.41,0,0,0,0,1.57,0;15.17,29.18,-23.99,-0,2.04,0,-8.01,17.04,72.57,-0.29,-0.41,0,0,0,0,1.58,0;15.12,29.51,-24.16,-0,2.06,0,-8.01,17.04,72.57,-0.29,-0.41,0,0,0,0,1.6,0;15.03,29.91,-24.39,-0,2.09,0,-8.01,17.04,72.57,-0.29,-0.41,0,0,0,0,1.61,0;14.94,30.29,-24.62,-0,2.12,0,-8.01,17.04,72.57,-0.29,-0.41,0,0,0,0,1.62,0;14.92,30.58,-24.82,-0,2.13,0,-8.03,16.84,72.62,-0.28,-0.41,0,0,0,0,1.64,0;14.95,30.89,-25.03,-0,2.15,0,-8.04,16.75,72.65,-0.28,-0.41,0,0,0,0,1.65,0;14.98,31.17,-25.28,-0,2.17,0,-8.06,16.55,72.7,-0.28,-0.41,0,0,0,0,1.67,0;14.96,31.39,-25.6,-0,2.19,0,-8.06,16.55,72.7,-0.28,-0.41,0,0,0,0,1.7,0;14.86,31.53,-25.94,-0,2.22,0,-8.06,16.55,72.7,-0.28,-0.41,0,0,0,0,1.73,0;14.7,31.57,-26.26,-0,2.24,0,-8.06,16.55,72.7,-0.28,-0.41,0,0,0,0,1.75,0;14.48,31.46,-26.6,-0,2.27,0,-8.06,16.55,72.7,-0.28,-0.41,0,0,0,0,1.77,0;14.29,31.27,-26.87,-0,2.28,0,-8.06,16.55,72.7,-0.28,-0.41,0,0,0,0,1.79,0;14.07,30.99,-27.18,-0,2.3,0,-8.06,16.55,72.7,-0.28,-0.41,0,0,0,0,1.81,0;13.9,30.68,-27.4,-0,2.32,0,-8.06,16.55,72.7,-0.28,-0.41,0,0,0,0,1.83,0;13.73,30.33,-27.63,-0,2.33,0,-8.06,16.55,72.7,-0.28,-0.41,0,0,0,0,1.85,0;13.57,29.93,-27.84,-0,2.34,0,-8.06,16.55,72.7,-0.28,-0.41,0,0,0,0,1.87,0;13.42,29.58,-28.02,-0,2.35,0,-8.06,16.55,72.7,-0.28,-0.41,0,0,0,0,1.88,0;13.26,29.24,-28.21,-0,2.36,0,-8.06,16.55,72.7,-0.28,-0.41,0,0,0,0,1.9,0;13.03,28.93,-28.48,-0,2.36,0,-8.06,16.55,72.7,-0.28,-0.41,0,0,0,0,1.92,0;12.8,28.96,-28.75,-0,2.36,0,-8.06,16.55,72.7,-0.28,-0.41,0,0,0,0,1.94,0;12.55,28.98,-29.03,-0,2.36,0,-8.06,16.55,72.7,-0.28,-0.41,0,0,0,0,1.97,0;12.3,28.99,-29.33,-0,2.36,0,-8.06,16.55,72.7,-0.28,-0.41,0,0,0,0,1.99,0;12.08,28.99,-29.62,-0,2.36,0,-8.06,16.55,72.7,-0.28,-0.41,0,0,0,0,2.01,0;11.86,28.99,-29.91,-0,2.36,0,-8.06,16.55,72.7,-0.28,-0.41,0,0,0,0,2.03,0;11.66,28.99,-30.2,-0,2.36,0,-8.06,16.55,72.7,-0.28,-0.41,0,0,0,0,2.06,0;11.43,28.99,-30.52,-0,2.36,0,-8.06,16.55,72.7,-0.28,-0.41,0,0,0,0,2.08,0;11.22,28.99,-30.82,-0,2.37,0,-8.06,16.55,72.7,-0.28,-0.41,0,0,0,0,2.11,0;11.01,28.99,-31.11,-0,2.43,0,-8.06,16.55,72.7,-0.28,-0.41,0,0,0,0,2.13,0;10.87,28.99,-31.29,-0,2.48,0,-8.06,16.55,72.7,-0.28,-0.41,0,0,0,0,2.15,0;10.76,28.99,-31.43,-0,2.52,0,-8.06,16.55,72.7,-0.28,-0.41,0,0,0,0,2.15,0;10.64,28.99,-31.55,-0,2.56,0,-8.06,16.55,72.7,-0.28,-0.41,0,0,0,0,2.16,0;10.5,28.99,-31.67,-0,2.59,0,-8.06,16.55,72.7,-0.28,-0.41,0,0,0,0,2.17,0;10.35,28.99,-31.79,-0,2.63,0,-8.06,16.55,72.7,-0.28,-0.41,0,0,0,0,2.19,0;10.18,28.99,-31.92,-0,2.66,0,-8.06,16.55,72.7,-0.28,-0.41,0,0,0,0,2.2,0;9.87,28.99,-32.11,-0,2.68,0,-8.06,16.55,72.7,-0.28,-0.41,0,0,0,0,2.22,0;9.5,28.99,-32.3,-0,2.68,0,-8.06,16.55,72.7,-0.28,-0.41,0,0,0,0,2.25,0;9.06,28.99,-32.5,-0,2.68,0,-8.06,16.55,72.7,-0.28,-0.41,0,0,0,0,2.28,0;8.68,28.99,-32.68,-0,2.68,0,-8.06,16.55,72.7,-0.28,-0.41,0,0,0,0,2.31,0;8.28,28.99,-32.85,-0,2.68,0,-8.06,16.55,72.7,-0.28,-0.41,0,0,0,0,2.33,0;7.95,28.99,-32.99,-0,2.68,0,-8.06,16.55,72.7,-0.28,-0.41,0,0,0,0,2.35,0;7.6,28.99,-33.14,-0,2.68,0,-8.08,16.35,72.75,-0.27,-0.41,0,0,0,0,2.37,0;7.43,28.99,-33.21,-0,2.65,0,-8.36,15.96,72.74,-0.26,-0.41,0,0,0,0,2.39,0;7.24,28.99,-33.29,-0,2.59,0,-8.54,15.36,72.83,-0.25,-0.42,0,0,0,0,2.4,0;7.08,28.99,-33.36,-0,2.56,0,-8.73,14.67,72.94,-0.23,-0.42,0,0,0,0,2.42,0;6.79,28.99,-33.56,-0,2.55,0,-8.9,14.07,73.01,-0.22,-0.42,0,0,0,0,2.44,0;6.48,29.51,-33.78,-0,2.56,0,-9.35,12.97,73.05,-0.19,-0.43,0,0,0,0,2.46,0;6.39,29.89,-33.86,-0,2.58,0,-9.51,12.47,73.08,-0.18,-0.44,0,0,0,0,2.46,0;6.29,30.3,-33.94,-0,2.6,0,-9.65,12.17,73.07,-0.17,-0.44,0,0,0,0,2.47,0;6.19,30.69,-34.02,-0,2.61,0,-9.66,11.96,73.11,-0.17,-0.44,0,0,0,0,2.48,0;6.05,31.25,-34.14,-0,2.64,0,-9.67,11.86,73.12,-0.16,-0.44,0,0,0,0,2.49,0;5.88,31.8,-34.26,-0,2.66,0,-9.7,11.46,73.18,-0.15,-0.44,0,0,0,0,2.51,0;5.76,32.18,-34.35,-0,2.68,0,-9.71,11.36,73.19,-0.15,-0.44,0,0,0,0,2.51,0;5.57,32.76,-34.47,-0,2.7,0,-9.71,11.26,73.21,-0.15,-0.44,0,0,0,0,2.53,0;5.41,33.19,-34.57,-0,2.71,0,-9.71,11.26,73.21,-0.15,-0.44,0,0,0,0,2.54,0;5.26,33.58,-34.67,-0,2.72,0,-9.71,11.26,73.21,-0.15,-0.44,0,0,0,0,2.56,0;5.1,33.97,-34.76,-0,2.74,0,-9.71,11.26,73.21,-0.15,-0.44,0,0,0,0,2.57,0;4.86,34.43,-34.89,-0,2.74,0,-9.71,11.26,73.21,-0.15,-0.44,0,0,0,0,2.58,0;4.64,34.88,-35.01,-0,2.75,0,-9.71,11.26,73.21,-0.15,-0.44,0,0,0,0,2.6,0;4.44,35.2,-35.11,-0,2.77,0,-9.71,11.26,73.21,-0.15,-0.44,0,0,0,0,2.61,0;4.22,35.53,-35.22,-0,2.79,0,-9.71,11.26,73.21,-0.15,-0.44,0,0,0,0,2.63,0;3.94,35.86,-35.33,-0,2.83,0,-9.71,11.26,73.21,-0.15,-0.44,0,0,0,0,2.64,0;3.72,36.05,-35.39,-0,2.87,0,-9.72,11.16,73.22,-0.15,-0.44,0,0,0,0,2.66,0;3.48,36.23,-35.45,-0,2.92,0,-9.73,11.06,73.23,-0.14,-0.44,0,0,0,0,2.67,0;3.27,36.34,-35.48,-0,2.95,0,-9.73,11.06,73.23,-0.14,-0.44,0,0,0,0,2.69,0;2.99,36.43,-35.49,-0,2.99,0,-9.73,11.06,73.23,-0.14,-0.44,0,0,0,0,2.71,0;2.66,36.46,-35.49,-0,3.03,0,-9.73,11.06,73.23,-0.14,-0.44,0,0,0,0,2.73,0;2.24,36.4,-35.48,-0,3.07,0,-9.73,11.06,73.23,-0.14,-0.44,0,0,0,0,2.75,0;1.93,36.24,-35.54,-0,3.09,0,-9.73,11.06,73.23,-0.14,-0.44,0,0,0,0,2.77,0;1.63,36.04,-35.6,-0,3.1,0,-9.73,11.06,73.23,-0.14,-0.44,0,0,0,0,2.79,0;1.43,35.83,-35.68,-0,3.06,0,-9.73,11.06,73.23,-0.14,-0.44,0,0,0,0,2.8,0;1.33,35.71,-35.72,-0,3.03,0,-9.73,11.06,73.23,-0.14,-0.44,0,0,0,0,2.81,0;1.22,35.58,-35.77,-0,2.99,0,-9.73,11.06,73.23,-0.14,-0.44,0,0,0,0,2.82,0;1.11,35.45,-35.83,-0,2.95,0,-9.73,11.06,73.23,-0.14,-0.44,0,0,0,0,2.83,0;1.04,35.41,-35.93,-0,2.9,0,-9.73,11.06,73.23,-0.14,-0.44,0,0,0,0,2.83,0;1.01,35.46,-36.09,-0,2.82,0,-9.73,11.06,73.23,-0.14,-0.44,0,0,0,0,2.84,0;0.98,35.5,-36.24,-0,2.75,0,-9.73,11.06,73.23,-0.14,-0.44,0,0,0,0,2.85,0;0.96,35.55,-36.4,-0,2.67,0,-9.73,11.06,73.23,-0.14,-0.44,0,0,0,0,2.85,0;0.93,35.61,-36.58,-0,2.59,0,-9.73,11.06,73.23,-0.14,-0.44,0,0,0,0,2.86,0;0.91,35.65,-36.71,-0,2.52,0,-9.73,11.06,73.23,-0.14,-0.44,0,0,0,0,2.87,0;0.92,35.81,-37.02,-0,2.37,0,-9.73,11.06,73.23,-0.14,-0.44,0,0,0,0,2.87,0;0.94,35.98,-37.32,-0,2.22,0,-9.73,11.06,73.23,-0.14,-0.44,0,0,0,0,2.88,0;0.96,36.17,-37.65,-0,2.06,0,-9.73,11.06,73.23,-0.14,-0.44,0,0,0,0,2.89,0;0.99,36.36,-38,-0,1.88,0,-9.73,11.06,73.23,-0.14,-0.44,0,0,0,0,2.89,0;1,36.52,-38.3,-0,1.75,0,-9.73,11.06,73.23,-0.14,-0.44,0,0,0,0,2.9,0;1.01,36.64,-38.54,-0,1.69,0,-9.73,11.06,73.23,-0.14,-0.44,0,0,0,0,2.91,0;1.03,36.77,-38.82,-0,1.62,0,-9.73,11.06,73.23,-0.14,-0.44,0,0,0,0,2.92,0;1.05,36.98,-39.34,-0,1.6,0,-9.73,11.06,73.23,-0.14,-0.44,0,0,0,0,2.93,0;1.08,37.22,-39.95,-0,1.6,0,-9.73,11.06,73.23,-0.14,-0.44,0,0,0,0,2.94,0;1.12,37.43,-40.6,-0,1.6,0,-9.73,11.06,73.23,-0.14,-0.44,0,0,0,0,2.96,0;1.14,37.5,-41,-0,1.6,0,-9.73,11.06,73.23,-0.14,-0.44,0,0,0,0,2.97,0;1.17,37.58,-41.51,-0,1.6,0,-9.73,11.06,73.23,-0.14,-0.44,0,0,0,0,2.99,0;1.2,37.61,-42,-0,1.6,0,-9.73,11.06,73.23,-0.14,-0.44,0,0,0,0,3.01,0;1.22,37.56,-42.33,-0,1.56,-0,-9.73,11.06,73.23,-0.14,-0.44,0,0,0,0,3.03,0;1.23,37.49,-42.66,-0,1.51,-0,-9.73,11.06,73.23,-0.14,-0.44,0,0,0,0,3.04,0;1.24,37.44,-42.88,-0,1.47,-0,-9.73,11.06,73.23,-0.14,-0.44,0,0,0,0,3.05,0;1.24,37.39,-42.98,-0.01,1.43,-0,-9.73,11.06,73.23,-0.14,-0.44,0,0,0,0,3.06,0;1.25,37.33,-43.09,-0.01,1.38,-0,-9.73,11.06,73.23,-0.14,-0.44,0,0,0,0,3.06,0;1.25,37.29,-43.19,-0,1.35,-0,-9.73,11.06,73.23,-0.14,-0.44,0,0,0,0,3.07,0;1.25,37.16,-43.33,-0.01,1.27,-0,-9.73,11.06,73.23,-0.14,-0.44,0,0,0,0,3.08,0;1.25,37.06,-43.45,-0.01,1.22,-0,-9.73,11.06,73.23,-0.14,-0.44,0,0,0,0,3.08,0;1.24,36.94,-43.58,-0.01,1.15,0,-9.73,11.06,73.23,-0.14,-0.44,0,0,0,0,3.09,0;1.24,36.81,-43.73,-0.01,1.08,0,-9.73,11.06,73.23,-0.14,-0.44,0,0,0,0,3.1,0;1.24,36.71,-43.82,-0.01,1.04,0,-9.73,11.06,73.23,-0.14,-0.44,0,0,0,0,3.1,0;1.23,36.61,-43.9,-0.01,1,0,-9.73,11.06,73.23,-0.14,-0.44,0,0,0,0,3.11,0;1.23,36.48,-44,-0.01,0.95,0,-9.73,11.06,73.23,-0.14,-0.44,0,0,0,0,3.12,0;1.23,36.3,-44.12,-0.01,0.89,0,-9.73,11.06,73.23,-0.14,-0.44,0,0,0,0,3.12,0;1.22,36.13,-44.23,-0.01,0.84,0,-9.73,11.06,73.23,-0.14,-0.44,0,0,0,0,3.13,0;1.22,35.95,-44.35,-0.01,0.79,0,-9.73,11.06,73.23,-0.14,-0.44,0,0,0,0,3.14,0;1.21,35.75,-44.48,-0.01,0.74,0,-9.73,11.06,73.23,-0.14,-0.44,0,0,0,0,3.15,0;1.21,35.51,-44.62,-0.01,0.68,0,-9.73,11.06,73.23,-0.14,-0.44,0,0,0,0,3.15,0;1.2,35.3,-44.72,-0,0.65,0,-9.73,11.06,73.23,-0.14,-0.44,0,0,0,0,3.16,0;1.2,35.06,-44.85,0,0.61,-0,-9.73,11.06,73.23,-0.14,-0.44,0,0,0,0,3.17,0;1.19,34.78,-44.99,0,0.56,-0,-9.73,11.06,73.23,-0.14,-0.44,0,0,0,0,3.17,0;1.19,34.56,-45.1,0.01,0.53,-0,-9.73,11.06,73.23,-0.14,-0.44,0,0,0,0,3.18,0;1.18,34.14,-45.28,0.01,0.48,-0,-9.73,11.06,73.23,-0.14,-0.44,0,0,0,0,3.19,0;1.17,33.69,-45.46,0.01,0.44,-0,-9.73,11.06,73.23,-0.14,-0.44,0,0,0,0,3.21,0;1.16,33.18,-45.67,0.01,0.4,-0,-9.73,11.06,73.23,-0.14,-0.44,0,0,0,0,3.22,0;1.15,32.57,-45.89,0.01,0.36,-0,-9.73,11.06,73.23,-0.14,-0.44,0,0,0,0,3.24,0;1.14,32.17,-46.04,0.01,0.33,-0,-9.73,11.06,73.23,-0.14,-0.44,0,0,0,0,3.24,0;1.14,31.8,-46.17,0.01,0.31,-0,-9.73,11.06,73.23,-0.14,-0.44,0,0,0,0,3.25,0;1.13,31.37,-46.31,0.01,0.29,-0,-9.73,11.06,73.23,-0.14,-0.44,0,0,0,0,3.26,0;1.13,30.92,-46.45,0.01,0.27,-0,-9.73,11.06,73.23,-0.14,-0.44,0,0,0,0,3.26,0;1.13,30.52,-46.57,0.01,0.25,-0,-9.73,11.06,73.23,-0.14,-0.44,0,0,0,0,3.27,0;1.12,30.02,-46.73,0.01,0.23,-0,-9.73,11.06,73.23,-0.14,-0.44,0,0,0,0,3.28,0;1.12,29.64,-46.84,0,0.22,-0,-9.73,11.06,73.23,-0.14,-0.44,0,0,0,0,3.28,0;1.11,29.19,-46.96,0,0.21,-0,-9.73,11.06,73.23,-0.14,-0.44,0,0,0,0,3.29,0;1.1,28.67,-47.1,-0,0.19,-0.01,-9.73,11.06,73.23,-0.14,-0.44,0,0,0,0,3.3,0;1.09,28.28,-47.21,-0,0.18,-0.01,-9.73,11.06,73.23,-0.14,-0.44,0,0,0,0,3.3,0;1.09,27.9,-47.31,-0,0.17,-0,-9.73,11.06,73.23,-0.14,-0.44,0,0,0,0,3.31,0;1.08,27.31,-47.46,-0.01,0.17,0,-9.73,11.06,73.23,-0.14,-0.44,0,0,0,0,3.33,0;1.08,26.69,-47.61,-0.01,0.16,0,-9.73,11.06,73.23,-0.14,-0.44,0,0,0,0,3.34,0;1.07,26.26,-47.72,-0.01,0.15,0,-9.73,11.06,73.23,-0.14,-0.44,0,0,0,0,3.35,0;1.07,25.79,-47.83,-0.01,0.14,0,-9.73,11.06,73.23,-0.14,-0.44,0,0,0,0,3.35,0;1.06,25.27,-47.95,-0.01,0.14,0,-9.73,11.06,73.23,-0.14,-0.44,0,0,0,0,3.36,0;1.06,24.73,-48.07,-0.01,0.13,0,-9.73,11.06,73.23,-0.14,-0.44,0,0,0,0,3.37,0;1.05,24.19,-48.19,-0.01,0.13,0,-9.73,11.06,73.23,-0.14,-0.44,0,0,0,0,3.37,0;1.05,23.61,-48.32,-0.01,0.12,0,-9.73,11.06,73.23,-0.14,-0.44,0,0,0,0,3.38,0;1.04,23.18,-48.41,-0.01,0.12,0,-9.73,11.06,73.23,-0.14,-0.44,0,0,0,0,3.39,0;1.03,22.76,-48.49,-0.01,0.12,0,-9.73,11.06,73.23,-0.14,-0.44,0,0,0,0,3.4,0;1.03,22.33,-48.58,-0.01,0.11,0,-9.73,11.06,73.23,-0.14,-0.44,0,0,0,0,3.4,0;1.02,21.85,-48.68,-0.01,0.11,0,-9.73,11.06,73.23,-0.14,-0.44,0,0,0,0,3.41,0;1.01,21.47,-48.76,-0.01,0.11,0,-9.73,11.06,73.23,-0.14,-0.44,0,0,0,0,3.42,0;1.01,20.82,-48.89,-0.01,0.1,0,-9.73,11.06,73.23,-0.14,-0.44,0,0,0,0,3.42,0;1,20.26,-48.99,-0.01,0.1,0,-9.73,11.06,73.23,-0.14,-0.44,0,0,0,0,3.43,0;0.99,19.52,-49.13,-0.01,0.1,0,-9.73,11.06,73.23,-0.14,-0.44,0,0,0,0,3.44,0;0.99,18.92,-49.25,-0.01,0.1,0,-9.73,11.06,73.23,-0.14,-0.44,0,0,0,0,3.44,0;0.98,18.3,-49.37,-0,0.09,0,-9.73,11.06,73.23,-0.14,-0.44,0,0,0,0,3.45,0;0.97,17.5,-49.51,-0,0.09,0,-9.73,11.06,73.23,-0.14,-0.44,0,0,0,0,3.46,0;0.96,16.9,-49.62,0,0.09,-0,-9.73,11.06,73.23,-0.14,-0.44,0,0,0,0,3.46,0;0.95,16.2,-49.74,0,0.09,-0,-9.73,11.06,73.23,-0.14,-0.44,0,0,0,0,3.47,0;0.94,15.51,-49.87,0.01,0.09,-0,-9.73,11.06,73.23,-0.14,-0.44,0,0,0,0,3.48,0;0.93,14.98,-49.96,0.01,0.09,-0,-9.73,11.06,73.23,-0.14,-0.44,0,0,0,0,3.48,0;0.93,14.42,-50.05,0.01,0.09,-0,-9.73,11.06,73.23,-0.14,-0.44,0,0,0,0,3.49,0;0.92,13.86,-50.14,0.01,0.09,-0,-9.73,11.06,73.23,-0.14,-0.44,0,0,0,0,3.5,0;0.89,13.96,-50.52,0.01,0.05,-0,-9.73,11.06,73.23,-0.14,-0.44,0,0,0,0,3.53,0;0.88,14.23,-50.55,0.01,0.01,-0.01,-9.73,11.06,73.23,-0.14,-0.44,0,0,0,0,3.56,0;0.88,14.59,-50.56,-0,-0.01,0,-9.73,11.06,73.23,-0.14,-0.44,0,0,0,0,3.58,0;0.88,14.99,-50.56,0.01,-0.01,-0.01,-9.73,11.06,73.23,-0.14,-0.44,0,0,0,0,3.62,0;0.88,15.35,-50.56,0,-0.01,-0,-9.73,11.06,73.23,-0.14,-0.44,0,0,0,0,3.66,0;0.88,15.75,-50.56,-0.01,-0.01,0.01,-9.73,11.06,73.23,-0.14,-0.44,0,0,0,0,3.69,0;0.88,16.05,-50.56,0,0.19,-0,-9.73,11.06,73.23,-0.14,-0.44,0,0,0,0,3.71,0;0.88,16.12,-50.56,0,0.5,-0,-9.73,11.06,73.23,-0.14,-0.44,0,0,0,0,3.72,0;0.88,16.18,-50.56,0,0.76,-0,-9.73,11.06,73.23,-0.14,-0.44,0,0,0,0,3.73,0;0.88,16.26,-50.56,0,1.08,-0,-9.73,11.06,73.23,-0.14,-0.44,0,0,0,0,3.74,0;0.88,16.32,-50.56,0,1.34,-0,-9.73,11.06,73.23,-0.14,-0.44,0,0,0,0,3.74,0;0.88,16.39,-50.56,-0,1.6,0,-9.73,11.06,73.23,-0.14,-0.44,0,0,0,0,3.75,0;0.86,16.9,-50.78,-0,1.6,0,-9.73,11.06,73.23,-0.14,-0.44,0,0,0,0,3.76,0;0.83,17.44,-51.01,-0,1.6,0,-9.73,11.06,73.23,-0.14,-0.44,0,0,0,0,3.78,0;0.83,17.58,-51.18,-0,1.54,0,-9.73,11.06,73.23,-0.14,-0.44,0,0,0,0,3.78,0;0.84,17.69,-51.35,-0,1.47,0,-9.73,11.06,73.23,-0.14,-0.44,0,0,0,0,3.79,0;0.84,17.81,-51.52,-0,1.4,0,-9.73,11.06,73.23,-0.14,-0.44,0,0,0,0,3.8,0
);
);

stage173(
{
CreatorID="3226611844",

ExtentsSize={65.00,65.08,23.01}
}
traj1(
-2.27,6.91,-3.02,-0,0.34,0,3.77,10.85,42.24,-0.51,-0.41,0,0,0,0,0.01,0;-2.27,7.16,-3.14,-0,0.81,0,4,10.85,42.22,-0.51,-0.38,0,0,0,0,0.01,0;-2.27,7.39,-3.24,-0,1.22,0,4.13,10.85,42.22,-0.51,-0.36,0,0,0,0,0.02,0;-2.27,7.62,-3.34,-0,1.53,0,4.17,10.85,42.13,-0.51,-0.35,0,0,0,0,0.03,0;-2.28,8.08,-3.57,-0,1.54,0,4.09,10.85,41.85,-0.51,-0.35,0,0,0,0,0.05,0;-2.28,8.62,-3.88,-0,1.53,0,4.01,10.85,41.67,-0.51,-0.35,0,0,0,0,0.06,0;-2.28,9.02,-4.13,-0,1.53,0,3.9,10.85,41.43,-0.51,-0.35,0,0,0,0,0.08,0;-2.28,9.45,-4.45,-0,1.52,0,3.75,10.85,41.13,-0.51,-0.35,0,0,0,0,0.1,0;-2.29,9.79,-4.75,-0,1.53,0,3.61,10.85,40.82,-0.51,-0.35,0,0,0,0,0.12,0;-2.29,10.07,-5.07,-0,1.53,0,3.47,10.85,40.52,-0.51,-0.35,0,0,0,0,0.14,0;-2.29,10.28,-5.38,-0,1.56,0,3.33,10.85,40.22,-0.51,-0.35,0,0,0,0,0.16,0;-2.3,10.42,-5.7,-0,1.58,0,3.25,10.85,40.04,-0.51,-0.35,0,0,0,0,0.17,0;-2.32,10.45,-6.08,-0,1.58,0,3.02,10.85,39.56,-0.51,-0.35,0,0,0,0,0.2,0;-2.34,10.38,-6.47,-0,1.58,0,2.91,10.85,39.31,-0.51,-0.35,0,0,0,0,0.22,0;-2.35,10.24,-6.82,-0,1.58,0,2.74,10.85,38.95,-0.51,-0.35,0,0,0,0,0.24,0;-2.38,9.98,-7.18,-0,1.6,0,2.57,10.85,38.59,-0.51,-0.35,0,0,0,0,0.27,0;-2.4,9.64,-7.52,-0,1.57,0,2.39,10.97,38.54,-0.51,-0.35,0,0,0,0,0.29,0;-2.41,9.29,-7.81,-0,1.59,0,2.02,11.3,38.73,-0.51,-0.35,0,0,0,0,0.31,0;-2.42,8.97,-8.03,-0,1.58,0,1.76,11.54,38.89,-0.51,-0.35,0,0,0,0,0.33,0;-2.44,8.52,-8.31,-0,1.56,0,1.57,11.76,39.13,-0.51,-0.35,0,0,0,0,0.34,0;-2.44,8.07,-8.56,-0,1.55,0,1.34,11.95,39.22,-0.51,-0.35,0,0,0,0,0.35,0;-2.45,7.68,-8.76,-0,1.53,0,1.13,12.1,39.23,-0.51,-0.35,0,0,0,0,0.37,0;-2.45,7.15,-9,-0,1.47,0,1.01,12.22,39.3,-0.51,-0.35,0,0,0,0,0.38,0;-2.44,6.77,-9.27,-0,1.45,0,0.76,12.34,39.14,-0.51,-0.35,0,0,0,0,0.4,0;-2.42,6.9,-9.5,-0,1.41,0,0.67,12.4,39.12,-0.51,-0.35,0,0,0,0,0.42,0;-2.38,7.11,-9.73,-0,1.36,0,0.53,12.44,38.96,-0.51,-0.35,0,0,0,0,0.43,0;-2.37,7.19,-9.82,-0,1.32,0,0.47,12.46,38.86,-0.51,-0.35,0,0,0,0,0.44,0;-2.34,7.3,-9.96,-0,1.27,0,0.4,12.48,38.77,-0.51,-0.35,0,0,0,0,0.44,0;-2.29,7.37,-10.13,-0,1.22,0,0.33,12.5,38.68,-0.51,-0.35,0,0,0,0,0.46,0;-2.23,7.41,-10.3,-0,1.18,0,0.2,12.52,38.47,-0.51,-0.35,0,0,0,0,0.47,0;-2.15,7.55,-10.5,-0,1.15,0,0.08,12.53,38.25,-0.51,-0.35,0,0,0,0,0.48,0;-2.05,8.26,-10.7,-0,1.11,0,0.02,12.54,38.15,-0.51,-0.35,0,0,0,0,0.5,0;-1.98,8.81,-10.86,-0,1.08,0,-0.04,12.54,38.03,-0.51,-0.35,0,0,0,0,0.51,0;-1.9,9.36,-11.03,-0,1.06,0,-0.09,12.55,37.92,-0.51,-0.35,0,0,0,0,0.51,0;-1.84,9.72,-11.14,-0,1.06,0,-0.15,12.55,37.8,-0.51,-0.35,0,0,0,0,0.52,0;-1.77,10.19,-11.3,-0,1.09,0,-0.21,12.55,37.69,-0.51,-0.35,0,0,0,0,0.53,0;-1.69,10.66,-11.47,-0,1.09,0,-0.18,12.55,37.44,-0.51,-0.35,0,0,0,0,0.55,0;-1.59,11.2,-11.67,-0,1.09,0,-0.09,12.56,37.2,-0.51,-0.35,0,0,0,0,0.56,0;-1.5,11.68,-11.86,-0,1.09,0,-0.05,12.56,37.07,-0.51,-0.35,0,0,0,0,0.58,0;-1.41,12.09,-12.04,-0,1.09,0,0.04,12.56,36.82,-0.51,-0.35,0,0,0,0,0.59,0;-1.31,12.52,-12.24,-0,1.07,0,0.13,12.56,36.58,-0.51,-0.35,0,0,0,0,0.6,0;-1.21,12.94,-12.45,-0,1.05,0,0.18,12.56,36.45,-0.51,-0.35,0,0,0,0,0.62,0;-1.12,13.26,-12.64,-0,1.05,0,0.22,12.56,36.33,-0.51,-0.35,0,0,0,0,0.62,0;-1,13.63,-12.88,-0,1.09,0,0.36,12.56,35.95,-0.51,-0.35,0,0,0,0,0.65,0;-0.85,14.02,-13.18,-0,1.05,0,0.45,12.56,35.7,-0.51,-0.35,0,0,0,0,0.67,0;-0.73,14.28,-13.43,-0,1.06,0,0.59,12.56,35.32,-0.51,-0.35,0,0,0,0,0.69,0;-0.59,14.49,-13.72,-0,1.08,0,0.68,12.56,35.07,-0.51,-0.35,0,0,0,0,0.71,0;-0.43,14.65,-14.05,-0,1.05,0,0.77,12.56,34.82,-0.51,-0.35,0,0,0,0,0.72,0;-0.24,14.71,-14.46,-0,1.09,0,0.95,12.56,34.32,-0.51,-0.35,0,0,0,0,0.76,0;-0.05,14.6,-14.86,-0,1.07,0,1.13,12.56,33.82,-0.51,-0.35,0,0,0,0,0.78,0;0.13,14.39,-15.21,-0,1.09,0,1.22,12.56,33.57,-0.51,-0.35,0,0,0,0,0.81,0;0.27,14.11,-15.52,-0,1.05,0,1.32,12.56,33.32,-0.51,-0.35,0,0,0,0,0.83,0;0.41,13.79,-15.78,-0,1.06,0,1.45,12.56,32.94,-0.51,-0.35,0,0,0,0,0.85,0;0.52,13.43,-16.03,-0,1.09,0,1.59,12.56,32.57,-0.51,-0.35,0,0,0,0,0.87,0;0.64,13.03,-16.27,-0,1.1,0,1.68,12.56,32.32,-0.51,-0.35,0,0,0,0,0.89,0;0.74,12.61,-16.5,-0,1.1,0,1.77,12.56,32.07,-0.51,-0.35,0,0,0,0,0.9,0;0.91,11.87,-16.85,-0,1.09,0,1.75,12.64,31.99,-0.51,-0.35,0,0,0,0,0.92,0;0.98,11.44,-17.03,-0,1.12,0,1.6,13.03,32.04,-0.52,-0.36,0,0,0,0,0.93,0;1.07,10.93,-17.22,-0,1.12,0,1.4,13.53,32.43,-0.53,-0.36,0,0,0,0,0.94,0;1.16,10.36,-17.43,-0,1.12,0,0.93,14.46,33.25,-0.54,-0.37,0,0,0,0,0.96,0;1.26,9.68,-17.67,-0,1.18,0,0.21,15.85,34.4,-0.56,-0.38,0,0,0,0,0.97,0;1.33,9.07,-17.87,-0,1.19,0,-0.41,17.21,35.3,-0.58,-0.38,0,0,0,0,0.98,0;1.4,8.45,-18.07,-0,1.23,0,-1.07,18.39,36.51,-0.59,-0.39,0,0,0,0,1,0;1.42,8.19,-18.15,-0,1.27,0,-1.33,18.98,36.9,-0.6,-0.39,0,0,0,0,1.01,0;1.45,7.89,-18.24,-0,1.31,0,-1.69,19.84,37.54,-0.61,-0.39,0,0,0,0,1.01,0;1.48,7.64,-18.33,-0,1.36,0,-2.18,20.73,38.12,-0.62,-0.39,0,0,0,0,1.02,0;1.49,7.46,-18.41,-0,1.39,0,-2.58,21.5,38.64,-0.63,-0.4,0,0,0,0,1.03,0;1.52,7.21,-18.52,-0,1.45,0,-3.1,22.47,39.64,-0.63,-0.4,0,0,0,0,1.03,0;1.53,7.22,-18.6,-0,1.48,0,-3.36,22.96,40.27,-0.63,-0.4,0,0,0,0,1.04,0;1.54,7.24,-18.69,-0,1.51,0,-3.69,23.86,40.82,-0.64,-0.4,0,0,0,0,1.05,0;1.55,7.25,-18.8,-0,1.56,0,-4.07,24.69,41.48,-0.64,-0.4,0,0,0,0,1.05,0;1.55,7.29,-18.91,-0,1.6,0,-4.39,25.38,41.79,-0.65,-0.4,0,0,0,0,1.06,0;1.55,7.34,-19.04,-0,1.64,0,-4.82,26.17,42.34,-0.65,-0.4,0,0,0,0,1.07,0;1.55,7.38,-19.15,-0,1.68,0,-5.07,26.57,42.69,-0.65,-0.4,0,0,0,0,1.08,0;1.53,7.41,-19.34,-0,1.73,0,-5.24,27.12,43.09,-0.66,-0.4,0,0,0,0,1.08,0;1.5,7.44,-19.54,-0,1.76,0,-5.63,27.91,43.51,-0.66,-0.4,0,0,0,0,1.1,0;1.41,7.47,-19.97,-0,1.79,0,-6.27,29.39,43.82,-0.68,-0.41,0,0,0,0,1.12,0;1.33,7.41,-20.36,-0,1.8,0,-6.75,30.16,43.75,-0.69,-0.41,0,0,0,0,1.15,0;1.24,7.24,-20.77,-0,1.81,0,-7.04,30.46,43.71,-0.69,-0.41,0,0,0,0,1.18,0;1.15,8.31,-21.15,-0,1.77,0,-7.16,30.63,43.51,-0.69,-0.41,0,0,0,0,1.19,0;1.1,8.81,-21.31,-0,1.77,0,-7.19,30.84,43.34,-0.7,-0.41,0,0,0,0,1.21,0;1.06,9.33,-21.49,-0,1.77,0,-7.39,31.19,42.84,-0.71,-0.42,0,0,0,0,1.22,0;1.02,9.85,-21.67,-0,1.79,0,-7.45,31.37,42.51,-0.71,-0.42,0,0,0,0,1.24,0;0.96,10.43,-21.89,-0,1.77,0,-7.69,31.62,42.11,-0.72,-0.43,0,0,0,0,1.25,0;0.91,10.91,-22.09,-0,1.78,0,-7.8,31.64,41.88,-0.72,-0.43,0,0,0,0,1.26,0;0.85,11.47,-22.33,-0,1.79,0,-7.79,31.95,41.41,-0.73,-0.43,0,0,0,0,1.28,0;0.8,11.85,-22.5,-0,1.79,0,-7.87,32.1,41.14,-0.73,-0.43,0,0,0,0,1.28,0;0.75,12.25,-22.71,-0,1.77,0,-7.96,32.1,41.05,-0.73,-0.43,0,0,0,0,1.3,0;0.69,12.65,-22.92,-0,1.77,0,-8.23,32.26,40.78,-0.74,-0.43,0,0,0,0,1.31,0;0.62,13.05,-23.18,-0,1.78,0,-8.61,32.33,40.53,-0.74,-0.44,0,0,0,0,1.33,0;0.54,13.49,-23.49,-0,1.78,0,-9.03,32.41,40.27,-0.74,-0.44,0,0,0,0,1.35,0;0.48,13.77,-23.73,-0,1.77,0,-9.14,32.41,40.22,-0.74,-0.44,0,0,0,0,1.37,0;0.41,14.03,-24,-0,1.79,0,-9.14,32.41,40.22,-0.74,-0.44,0,0,0,0,1.38,0;0.34,14.23,-24.27,-0,1.77,0,-9.14,32.41,40.22,-0.74,-0.44,0,0,0,0,1.4,0;0.24,14.41,-24.67,-0,1.78,0,-9.14,32.41,40.22,-0.74,-0.44,0,0,0,0,1.43,0;0.14,14.47,-25.07,-0,1.78,0,-9.14,32.41,40.22,-0.74,-0.44,0,0,0,0,1.45,0;0.03,14.39,-25.49,-0,1.8,0,-9.14,32.41,40.22,-0.74,-0.44,0,0,0,0,1.48,0;-0.07,14.19,-25.87,-0,1.79,0,-9.14,32.41,40.22,-0.74,-0.44,0,0,0,0,1.51,0;-0.14,13.96,-26.15,-0,1.81,0,-9.14,32.41,40.22,-0.74,-0.44,0,0,0,0,1.53,0;-0.23,13.63,-26.46,-0,1.81,0,-9.14,32.41,40.22,-0.74,-0.44,0,0,0,0,1.55,0;-0.33,13.23,-26.78,-0,1.85,0,-9.14,32.41,40.22,-0.74,-0.44,0,0,0,0,1.56,0;-0.41,12.81,-27.04,-0,1.86,0,-9.14,32.41,40.22,-0.74,-0.44,0,0,0,0,1.58,0;-0.49,12.4,-27.28,-0,1.88,0,-9.14,32.41,40.22,-0.74,-0.44,0,0,0,0,1.6,0;-0.55,12.06,-27.45,-0,1.9,0,-9.14,32.41,40.22,-0.74,-0.44,0,0,0,0,1.61,0;-0.62,11.65,-27.64,-0,1.92,0,-9.14,32.41,40.22,-0.74,-0.44,0,0,0,0,1.62,0;-0.7,11.22,-27.83,-0,1.92,0,-9.14,32.41,40.22,-0.74,-0.44,0,0,0,0,1.63,0;-0.77,10.83,-27.98,-0,1.93,0,-9.14,32.41,40.22,-0.74,-0.44,0,0,0,0,1.64,0;-0.81,10.57,-28.08,-0,1.96,0,-9.14,32.41,40.22,-0.74,-0.44,0,0,0,0,1.64,0;-0.9,10.05,-28.27,-0,2,0,-9.14,32.41,40.22,-0.74,-0.44,0,0,0,0,1.66,0;-0.99,9.46,-28.47,-0,2.01,0,-9.14,32.41,40.22,-0.74,-0.44,0,0,0,0,1.67,0;-1.08,8.9,-28.63,-0,2.05,0,-9.14,32.41,40.22,-0.74,-0.44,0,0,0,0,1.69,0;-1.17,8.37,-28.79,-0,2.11,0,-9.14,32.41,40.22,-0.74,-0.44,0,0,0,0,1.7,0;-1.23,8.09,-28.87,-0,2.15,0,-9.14,32.41,40.22,-0.74,-0.44,0,0,0,0,1.71,0;-1.28,7.8,-28.95,-0,2.19,0,-9.14,32.41,40.22,-0.74,-0.44,0,0,0,0,1.71,0;-1.38,7.22,-29.09,-0,2.24,0,-9.14,32.41,40.22,-0.74,-0.44,0,0,0,0,1.73,0;-1.51,6.49,-29.25,-0,2.28,0,-9.14,32.41,40.22,-0.74,-0.44,0,0,0,0,1.74,0;-1.59,6.05,-29.34,-0,2.29,0,-9.14,32.41,40.22,-0.74,-0.44,0,0,0,0,1.75,0;-1.41,5.85,-30,-0,2.38,0,-9.14,32.41,40.22,-0.74,-0.44,0,0,0,0,1.76,0;-1.26,5.96,-30.32,-0,2.38,0,-9.14,32.41,40.22,-0.74,-0.44,0,0,0,0,1.77,0;-1.06,6.1,-30.72,-0,2.37,0,-9.14,32.41,40.22,-0.74,-0.44,0,0,0,0,1.78,0;-0.9,6.22,-31.05,-0,2.36,0,-9.14,32.41,40.22,-0.74,-0.44,0,0,0,0,1.78,0;-0.64,6.39,-31.6,-0,2.35,0,-9.14,32.41,40.22,-0.74,-0.44,0,0,0,0,1.8,0;-0.4,6.52,-32.09,-0,2.32,0,-9.14,32.41,40.22,-0.74,-0.44,0,0,0,0,1.81,0;-0.28,6.58,-32.35,-0,2.29,0,-9.14,32.41,40.22,-0.74,-0.44,0,0,0,0,1.82,0;-0.17,6.64,-32.58,-0,2.25,0,-9.14,32.41,40.22,-0.74,-0.44,0,0,0,0,1.83,0;-0.05,6.69,-32.85,-0,2.17,0,-9.14,32.41,40.22,-0.74,-0.44,0,0,0,0,1.83,0;0.05,6.73,-33.07,-0,2.09,0,-9.14,32.41,40.22,-0.74,-0.44,0,0,0,0,1.84,0;0.2,6.77,-33.39,-0,1.99,0,-9.14,32.41,40.22,-0.74,-0.44,0,0,0,0,1.85,0;0.48,6.83,-34,-0,1.8,0,-9.14,32.41,40.22,-0.74,-0.44,0,0,0,0,1.85,0;0.62,6.84,-34.31,-0,1.7,0,-9.14,32.41,40.22,-0.74,-0.44,0,0,0,0,1.86,0;0.73,6.83,-34.54,-0,1.62,0,-9.14,32.41,40.22,-0.74,-0.44,0,0,0,0,1.87,0;0.87,6.83,-34.84,-0,1.53,0,-9.14,32.41,40.22,-0.74,-0.44,0,0,0,0,1.87,0;0.95,6.81,-35.03,-0,1.49,0,-9.14,32.41,40.22,-0.74,-0.44,0,0,0,0,1.88,0;1.04,6.78,-35.22,-0,1.45,0,-9.14,32.41,40.22,-0.74,-0.44,0,0,0,0,1.89,0;1.14,6.76,-35.42,-0,1.41,0,-9.14,32.41,40.22,-0.74,-0.44,0,0,0,0,1.89,0;1.32,6.67,-35.78,-0,1.41,0,-9.14,32.41,40.22,-0.74,-0.44,0,0,0,0,1.91,0;1.5,6.63,-36.15,-0,1.42,0,-9.14,32.41,40.22,-0.74,-0.44,0,0,0,0,1.92,0;1.66,6.7,-36.49,-0,1.43,0,-9.14,32.41,40.22,-0.74,-0.44,0,0,0,0,1.94,0;1.75,7.02,-36.81,-0,1.44,0,-9.14,32.41,40.22,-0.74,-0.44,0,0,0,0,1.94,0;1.8,7.28,-37.2,-0,1.45,0,-9.14,32.41,40.22,-0.74,-0.44,0,0,0,0,1.97,0;1.85,7.41,-37.61,-0,1.48,0,-9.14,32.41,40.22,-0.74,-0.44,0,0,0,0,2,0;1.87,7.44,-37.79,-0,1.52,0,-9.14,32.41,40.22,-0.74,-0.44,0,0,0,0,2.01,0;1.88,7.45,-37.88,-0,1.55,0,-9.14,32.41,40.22,-0.74,-0.44,0,0,0,0,2.02,0;1.88,7.46,-37.98,-0,1.59,0,-9.14,32.41,40.22,-0.74,-0.44,0,0,0,0,2.03,0;1.87,7.47,-38.12,-0,1.64,0,-9.14,32.41,40.22,-0.74,-0.44,0,0,0,0,2.03,0;1.87,7.48,-38.23,-0,1.68,0,-9.14,32.41,40.22,-0.74,-0.44,0,0,0,0,2.04,0;1.86,7.48,-38.32,-0,1.72,0,-9.14,32.41,40.22,-0.74,-0.44,0,0,0,0,2.05,0;1.84,7.49,-38.45,-0,1.76,0,-9.14,32.41,40.22,-0.74,-0.44,0,0,0,0,2.05,0;1.83,7.49,-38.55,-0,1.8,0,-9.14,32.41,40.22,-0.74,-0.44,0,0,0,0,2.06,0;1.8,7.48,-38.7,-0,1.83,0,-9.14,32.41,40.22,-0.74,-0.44,0,0,0,0,2.07,0;1.73,7.46,-38.97,-0,1.87,0,-9.14,32.41,40.22,-0.74,-0.44,0,0,0,0,2.09,0;1.67,7.71,-39.21,-0,1.88,0,-9.14,32.41,40.22,-0.74,-0.44,0,0,0,0,2.1,0;1.62,8.06,-39.38,-0,1.87,0,-9.14,32.41,40.22,-0.74,-0.44,0,0,0,0,2.11,0;1.59,8.39,-39.48,-0,1.86,0,-9.14,32.41,40.22,-0.74,-0.44,0,0,0,0,2.12,0;1.55,8.76,-39.59,-0,1.84,0,-9.14,32.41,40.22,-0.74,-0.44,0,0,0,0,2.12,0;1.5,9.31,-39.77,-0,1.83,0,-9.14,32.41,40.22,-0.74,-0.44,0,0,0,0,2.14,0;1.46,9.71,-39.9,-0,1.82,0,-9.14,32.41,40.22,-0.74,-0.44,0,0,0,0,2.15,0;1.4,10.18,-40.07,-0,1.84,0,-9.14,32.41,40.22,-0.74,-0.44,0,0,0,0,2.16,0;1.31,10.97,-40.36,-0,1.85,0,-9.14,32.41,40.22,-0.74,-0.44,0,0,0,0,2.17,0;1.25,11.44,-40.55,-0,1.83,0,-9.14,32.41,40.22,-0.74,-0.44,0,0,0,0,2.19,0;1.19,11.88,-40.74,-0,1.82,0,-9.14,32.41,40.22,-0.74,-0.44,0,0,0,0,2.2,0;1.14,12.27,-40.92,-0,1.83,0,-9.14,32.41,40.22,-0.74,-0.44,0,0,0,0,2.21,0;1.08,12.69,-41.13,-0,1.84,0,-9.14,32.41,40.22,-0.74,-0.44,0,0,0,0,2.23,0;1.01,13.13,-41.37,-0,1.82,0,-9.14,32.41,40.22,-0.74,-0.44,0,0,0,0,2.24,0;0.92,13.57,-41.65,-0,1.85,0,-9.14,32.41,40.22,-0.74,-0.44,0,0,0,0,2.26,0;0.84,13.93,-41.91,-0,1.84,0,-9.14,32.41,40.22,-0.74,-0.44,0,0,0,0,2.28,0;0.76,14.21,-42.15,-0,1.81,0,-9.14,32.41,40.22,-0.74,-0.44,0,0,0,0,2.29,0;0.68,14.45,-42.4,-0,1.83,0,-9.14,32.41,40.22,-0.74,-0.44,0,0,0,0,2.31,0;0.59,14.68,-42.72,-0,1.8,0,-9.14,32.41,40.22,-0.74,-0.44,0,0,0,0,2.33,0;0.49,14.83,-43.03,-0,1.79,0,-9.14,32.41,40.22,-0.74,-0.44,0,0,0,0,2.35,0;0.38,14.88,-43.44,-0,1.81,0,-9.14,32.41,40.22,-0.74,-0.44,0,0,0,0,2.37,0;0.27,14.82,-43.83,-0,1.79,0,-9.14,32.41,40.22,-0.74,-0.44,0,0,0,0,2.4,0;0.13,14.58,-44.26,-0,1.81,0,-9.14,32.41,40.22,-0.74,-0.44,0,0,0,0,2.43,0;0.04,14.3,-44.59,-0,1.81,0,-9.14,32.41,40.22,-0.74,-0.44,0,0,0,0,2.45,0;-0.03,14.04,-44.84,-0,1.81,0,-9.14,32.41,40.22,-0.74,-0.44,0,0,0,0,2.47,0;-0.1,13.75,-45.08,-0,1.8,0,-9.14,32.41,40.22,-0.74,-0.44,0,0,0,0,2.48,0;-0.15,13.51,-45.24,-0,1.83,0,-9.14,32.41,40.22,-0.74,-0.44,0,0,0,0,2.5,0;-0.26,12.91,-45.6,-0,1.82,0,-9.14,32.41,40.22,-0.74,-0.44,0,0,0,0,2.51,0;-0.33,12.53,-45.8,-0,1.84,0,-9.14,32.41,40.22,-0.74,-0.44,0,0,0,0,2.53,0;-0.39,12.15,-45.98,-0,1.87,0,-9.14,32.41,40.22,-0.74,-0.44,0,0,0,0,2.54,0;-0.45,11.77,-46.15,-0,1.91,0,-9.14,32.41,40.22,-0.74,-0.44,0,0,0,0,2.56,0;-0.54,11.23,-46.37,-0,1.91,0,-9.14,32.41,40.22,-0.74,-0.44,0,0,0,0,2.57,0;-0.61,10.77,-46.54,-0,1.95,0,-9.14,32.41,40.22,-0.74,-0.44,0,0,0,0,2.58,0;-0.66,10.48,-46.64,-0,1.99,0,-9.14,32.41,40.22,-0.74,-0.44,0,0,0,0,2.59,0;-0.7,10.23,-46.73,-0,2.02,0,-9.14,32.41,40.22,-0.74,-0.44,0,0,0,0,2.6,0;-0.78,9.71,-46.9,-0,2.07,0,-9.14,32.41,40.22,-0.74,-0.44,0,0,0,0,2.6,0;-0.84,9.32,-47.01,-0,2.09,0,-9.14,32.41,40.22,-0.74,-0.44,0,0,0,0,2.61,0;-0.9,8.98,-47.11,-0,2.11,0,-9.14,32.41,40.22,-0.74,-0.44,0,0,0,0,2.62,0;-1.02,8.34,-47.29,-0,2.17,0,-9.14,32.41,40.22,-0.74,-0.44,0,0,0,0,2.63,0;-1.08,8.04,-47.36,-0,2.22,0,-9.14,32.41,40.22,-0.74,-0.44,0,0,0,0,2.64,0;-1.14,7.72,-47.44,-0,2.26,0,-9.14,32.41,40.22,-0.74,-0.44,0,0,0,0,2.65,0;-1.21,7.33,-47.53,-0,2.28,0,-9.14,32.41,40.22,-0.74,-0.44,0,0,0,0,2.65,0;-1.28,6.99,-47.6,-0,2.29,0,-9.14,32.41,40.22,-0.74,-0.44,0,0,0,0,2.66,0;-1.37,6.5,-47.7,-0,2.32,0,-9.14,32.41,40.22,-0.74,-0.44,0,0,0,0,2.67,0;-1.45,6.09,-47.78,-0,2.35,0,-9.14,32.41,40.22,-0.74,-0.44,0,0,0,0,2.67,0;-1.52,5.7,-47.85,-0,2.38,0,-9.14,32.41,40.22,-0.74,-0.44,0,0,0,0,2.68,0;-1.57,5.35,-47.97,-0,2.41,0,-9.14,32.41,40.22,-0.74,-0.44,0,0,0,0,2.69,0;-1.52,5.01,-48.39,-0,2.47,0,-9.14,32.41,40.22,-0.74,-0.44,0,0,0,0,2.7,0;-1.34,5.06,-48.96,-0,2.49,0,-9.14,32.41,40.22,-0.74,-0.44,0,0,0,0,2.71,0;-1.13,5.24,-49.51,-0,2.5,0,-9.14,32.41,40.22,-0.74,-0.44,0,0,0,0,2.73,0;-0.89,5.41,-50.11,-0,2.49,0,-9.14,32.41,40.22,-0.74,-0.44,0,0,0,0,2.74,0;-0.77,5.48,-50.45,-0,2.48,0,-9.14,32.41,40.22,-0.74,-0.44,0,0,0,0,2.75,0;-0.52,5.62,-51.13,-0,2.46,0,-9.14,32.41,40.22,-0.74,-0.44,0,0,0,0,2.76,0;-0.35,5.69,-51.58,-0,2.4,0,-9.14,32.41,40.22,-0.74,-0.44,0,0,0,0,2.77,0;-0.17,5.75,-52.08,-0,2.31,0,-9.14,32.41,40.22,-0.74,-0.44,0,0,0,0,2.78,0;-0.09,5.76,-52.34,-0,2.23,0,-9.14,32.41,40.22,-0.74,-0.44,0,0,0,0,2.78,0;0.03,5.78,-52.67,-0,2.14,0,-9.14,32.41,40.22,-0.74,-0.44,0,0,0,0,2.79,0;0.14,5.79,-52.98,-0,2.04,0,-9.14,32.41,40.22,-0.74,-0.44,0,0,0,0,2.8,0;0.22,5.78,-53.23,-0,1.94,0,-9.14,32.41,40.22,-0.74,-0.44,0,0,0,0,2.8,0;0.28,5.78,-53.41,-0,1.88,0,-9.14,32.41,40.22,-0.74,-0.44,0,0,0,0,2.81,0;0.37,5.76,-53.68,-0,1.79,0,-9.14,32.41,40.22,-0.74,-0.44,0,0,0,0,2.82,0;0.43,5.74,-53.85,-0,1.74,0,-9.14,32.41,40.22,-0.74,-0.44,0,0,0,0,2.82,0;0.51,5.72,-54.06,-0,1.68,0,-9.14,32.41,40.22,-0.74,-0.44,0,0,0,0,2.83,0;0.6,5.68,-54.32,-0,1.61,0,-9.14,32.41,40.22,-0.74,-0.44,0,0,0,0,2.84,0;0.66,5.64,-54.48,-0,1.58,0,-9.14,32.41,40.22,-0.74,-0.44,0,0,0,0,2.85,0;0.75,5.59,-54.74,-0,1.52,0,-9.14,32.41,40.22,-0.74,-0.44,0,0,0,0,2.85,0;0.92,5.95,-55.12,-0,1.52,0,-9.14,32.41,40.22,-0.74,-0.44,0,0,0,0,2.87,0;1.16,6.55,-55.67,-0,1.52,0,-9.14,32.41,40.22,-0.74,-0.44,0,0,0,0,2.88,0;1.26,6.83,-55.91,-0,1.53,0,-9.14,32.41,40.22,-0.74,-0.44,0,0,0,0,2.89,0;1.31,7.17,-56.22,-0,1.54,0,-9.14,32.41,40.22,-0.74,-0.44,0,0,0,0,2.91,0;1.34,7.44,-56.56,-0,1.54,0,-9.14,32.41,40.22,-0.74,-0.44,0,0,0,0,2.94,0;1.35,7.58,-56.89,-0,1.54,0,-9.14,32.41,40.22,-0.74,-0.44,0,0,0,0,2.96,0;1.36,7.71,-57.32,-0,1.54,0,-9.14,32.41,40.22,-0.74,-0.44,0,0,0,0,2.98,0;1.37,8.32,-57.62,-0,1.53,0,-9.14,32.41,40.22,-0.74,-0.44,0,0,0,0,3,0;1.38,8.66,-57.73,-0,1.51,0,-9.14,32.41,40.22,-0.74,-0.44,0,0,0,0,3.01,0;1.38,9.01,-57.85,-0,1.5,0,-9.14,32.41,40.22,-0.74,-0.44,0,0,0,0,3.01,0;1.38,9.55,-58.03,-0,1.52,0,-9.14,32.41,40.22,-0.74,-0.44,0,0,0,0,3.03,0;1.38,10.1,-58.23,-0,1.54,0,-9.14,32.41,40.22,-0.74,-0.44,0,0,0,0,3.04,0;1.38,10.62,-58.42,-0,1.53,0,-9.14,32.41,40.22,-0.74,-0.44,0,0,0,0,3.05,0;1.38,11.13,-58.63,-0,1.51,0,-9.14,32.41,40.22,-0.74,-0.44,0,0,0,0,3.07,0;1.38,11.46,-58.77,-0,1.5,0,-9.14,32.41,40.22,-0.74,-0.44,0,0,0,0,3.07,0;1.39,11.82,-58.93,-0,1.5,0,-9.14,32.41,40.22,-0.74,-0.44,0,0,0,0,3.08,0;1.39,12.4,-59.22,-0,1.5,0,-9.14,32.41,40.22,-0.74,-0.44,0,0,0,0,3.1,0;1.39,12.8,-59.42,-0,1.51,0,-9.14,32.41,40.22,-0.74,-0.44,0,0,0,0,3.11,0;1.39,13.24,-59.69,-0,1.54,0,-9.14,32.41,40.22,-0.74,-0.44,0,0,0,0,3.13,0;1.39,13.55,-59.9,-0,1.53,0,-9.14,32.41,40.22,-0.74,-0.44,0,0,0,0,3.14,0;1.39,13.84,-60.11,-0,1.51,0,-9.14,32.41,40.22,-0.74,-0.44,0,0,0,0,3.16,0;1.4,14.22,-60.44,-0,1.53,0,-9.03,32.49,40.2,-0.74,-0.44,0,0,0,0,3.17,0;1.4,14.53,-60.79,-0,1.5,0,-9.03,32.49,40.2,-0.74,-0.44,0,0,0,0,3.19,0;1.4,14.72,-61.09,-0,1.5,0,-9.03,32.49,40.2,-0.74,-0.44,0,0,0,0,3.22,0;1.4,14.85,-61.46,-0,1.5,0,-9.03,32.49,40.2,-0.74,-0.44,0,0,0,0,3.24,0;1.41,14.9,-61.71,-0,1.46,0,-9.03,32.49,40.2,-0.74,-0.44,0,0,0,0,3.26,0;1.41,14.89,-61.87,-0,1.42,0,-9.03,32.49,40.2,-0.74,-0.44,0,0,0,0,3.27,0;1.39,14.82,-62.18,-0,1.33,0,-9.03,32.49,40.2,-0.74,-0.44,0,0,0,0,3.28,0;1.36,14.77,-62.29,-0,1.28,0,-9.03,32.49,40.2,-0.74,-0.44,0,0,0,0,3.29,0;1.33,14.72,-62.4,-0,1.23,0,-9.03,32.49,40.2,-0.74,-0.44,0,0,0,0,3.3,0;1.3,14.67,-62.5,-0,1.18,0,-9.03,32.49,40.2,-0.74,-0.44,0,0,0,0,3.3,0
);
);

